#usda 1.0

over "constant"
{
    over "Geom"
    {
        over "BasisR0"
        {
            color3f[] primvars:displayColor = [(0.62975305, 0.17471634, 0.19553062)] (
                elementSize = 1
                interpolation = "constant"
            )
        }

        over "BasisR1"
        {
            color3f[] primvars:displayColor = [(0.4487133, 0.39728677, 0.15399994)] (
                elementSize = 1
                interpolation = "constant"
            )
        }

        over "BasisR2"
        {
            color3f[] primvars:displayColor = [(0.79722357, 0.15472163, 0.048054803)] (
                elementSize = 1
                interpolation = "constant"
            )
        }

        over "BasisR3"
        {
            color3f[] primvars:displayColor = [(0.25017175, 0.4993746, 0.25045365)] (
                elementSize = 1
                interpolation = "constant"
            )
        }

        over "BasisR4"
        {
            color3f[] primvars:displayColor = [(0.34994158, 0.64493734, 0.0051210634)] (
                elementSize = 1
                interpolation = "constant"
            )
        }

        over "BasisR5"
        {
            color3f[] primvars:displayColor = [(0.2842453, 0.6299876, 0.08576711)] (
                elementSize = 1
                interpolation = "constant"
            )
        }

        over "BasisR6"
        {
            color3f[] primvars:displayColor = [(0.435231, 0.5064523, 0.058316678)] (
                elementSize = 1
                interpolation = "constant"
            )
        }

        over "BasisR7"
        {
            color3f[] primvars:displayColor = [(0.0046023894, 0.2540663, 0.74133134)] (
                elementSize = 1
                interpolation = "constant"
            )
        }

        over "BasisL0"
        {
            color3f[] primvars:displayColor = [(0.1901189, 0.51184607, 0.29803503)] (
                elementSize = 1
                interpolation = "constant"
            )
        }

        over "BasisL1"
        {
            color3f[] primvars:displayColor = [(0.5854786, 0.1847228, 0.22979857)] (
                elementSize = 1
                interpolation = "constant"
            )
        }

        over "BasisL2"
        {
            color3f[] primvars:displayColor = [(0.029080296, 0.9312905, 0.03962917)] (
                elementSize = 1
                interpolation = "constant"
            )
        }

        over "BasisL3"
        {
            color3f[] primvars:displayColor = [(0.69002694, 0.30654663, 0.0034264324)] (
                elementSize = 1
                interpolation = "constant"
            )
        }

        over "BasisL4"
        {
            color3f[] primvars:displayColor = [(0.2886425, 0.21726137, 0.49409613)] (
                elementSize = 1
                interpolation = "constant"
            )
        }

        over "BasisL5"
        {
            color3f[] primvars:displayColor = [(0.96593654, 0.0035155185, 0.030547945)] (
                elementSize = 1
                interpolation = "constant"
            )
        }

        over "BasisL6"
        {
            color3f[] primvars:displayColor = [(0.018632913, 0.29887745, 0.68248963)] (
                elementSize = 1
                interpolation = "constant"
            )
        }

        over "BasisL7"
        {
            color3f[] primvars:displayColor = [(0.027406102, 0.71441865, 0.25817528)] (
                elementSize = 1
                interpolation = "constant"
            )
        }

        over "Ground"
        {
            color3f[] primvars:displayColor = [(0.23484088, 0.71223927, 0.05291984)] (
                elementSize = 1
                interpolation = "constant"
            )
        }

        over "Volume"
        {
            color3f[] primvars:displayColor = [(0.2980181, 0.26623228, 0.43574962)] (
                elementSize = 1
                interpolation = "constant"
            )
        }

        over "TopBackLeft"
        {
            color3f[] primvars:displayColor = [(0.34038103, 0.52984846, 0.12977052)] (
                elementSize = 1
                interpolation = "constant"
            )
        }

        over "TopFrontLeft"
        {
            color3f[] primvars:displayColor = [(0.5683557, 0.10475139, 0.32689294)] (
                elementSize = 1
                interpolation = "constant"
            )
        }

        over "TopBackRight"
        {
            color3f[] primvars:displayColor = [(0.3043061, 0.41124815, 0.28444573)] (
                elementSize = 1
                interpolation = "constant"
            )
        }

        over "TopFrontRight"
        {
            color3f[] primvars:displayColor = [(0.43933353, 0.41384557, 0.1468209)] (
                elementSize = 1
                interpolation = "constant"
            )
        }
    }
}

over "random_uniform"
{
    over "Geom"
    {
        over "BasisR0"
        {
            color3f[] primvars:displayColor = [(0.058613073, 0.9227681, 0.018618828)] (
                elementSize = 1
                interpolation = "uniform"
            )
        }

        over "BasisR1"
        {
            color3f[] primvars:displayColor = [(0.17946711, 0.20649138, 0.6140415)] (
                elementSize = 1
                interpolation = "uniform"
            )
        }

        over "BasisR2"
        {
            color3f[] primvars:displayColor = [(0.08898367, 0.5945604, 0.31645596)] (
                elementSize = 1
                interpolation = "uniform"
            )
        }

        over "BasisR3"
        {
            color3f[] primvars:displayColor = [(0.118852705, 0.15847817, 0.7226691)] (
                elementSize = 1
                interpolation = "uniform"
            )
        }

        over "BasisR4"
        {
            color3f[] primvars:displayColor = [(0.4774581, 0.1326184, 0.3899235)] (
                elementSize = 1
                interpolation = "uniform"
            )
        }

        over "BasisR5"
        {
            color3f[] primvars:displayColor = [(0.18664293, 0.35993695, 0.45342013)] (
                elementSize = 1
                interpolation = "uniform"
            )
        }

        over "BasisR6"
        {
            color3f[] primvars:displayColor = [(0.0124486135, 0.8242506, 0.16330078)] (
                elementSize = 1
                interpolation = "uniform"
            )
        }

        over "BasisR7"
        {
            color3f[] primvars:displayColor = [(0.1312615, 0.43896493, 0.42977357)] (
                elementSize = 1
                interpolation = "uniform"
            )
        }

        over "BasisL0"
        {
            color3f[] primvars:displayColor = [(0.28558195, 0.29695383, 0.41746423)] (
                elementSize = 1
                interpolation = "uniform"
            )
        }

        over "BasisL1"
        {
            color3f[] primvars:displayColor = [(0.3189311, 0.4260798, 0.2549891)] (
                elementSize = 1
                interpolation = "uniform"
            )
        }

        over "BasisL2"
        {
            color3f[] primvars:displayColor = [(0.26776573, 0.044159804, 0.68807447)] (
                elementSize = 1
                interpolation = "uniform"
            )
        }

        over "BasisL3"
        {
            color3f[] primvars:displayColor = [(0.42900565, 0.084564716, 0.4864296)] (
                elementSize = 1
                interpolation = "uniform"
            )
        }

        over "BasisL4"
        {
            color3f[] primvars:displayColor = [(0.16162285, 0.24901046, 0.5893667)] (
                elementSize = 1
                interpolation = "uniform"
            )
        }

        over "BasisL5"
        {
            color3f[] primvars:displayColor = [(0.32543188, 0.49412003, 0.18044806)] (
                elementSize = 1
                interpolation = "uniform"
            )
        }

        over "BasisL6"
        {
            color3f[] primvars:displayColor = [(0.56426305, 0.10078739, 0.33494958)] (
                elementSize = 1
                interpolation = "uniform"
            )
        }

        over "BasisL7"
        {
            color3f[] primvars:displayColor = [(0.4537361, 0.2174512, 0.32881272)] (
                elementSize = 1
                interpolation = "uniform"
            )
        }

        over "Ground"
        {
            color3f[] primvars:displayColor = [(0.25427675, 0.6875605, 0.058162734), (0.024708528, 0.046408948, 0.92888254), (0.20048153, 0.2104607, 0.5890578), (0.098214775, 0.32814157, 0.5736436), (0.05577678, 0.09029296, 0.85393023), (0.07693457, 0.5912216, 0.33184388), (0.20144998, 0.69304955, 0.10550047), (0.16461475, 0.28356618, 0.5518191), (0.25375313, 0.132373, 0.61387384), (0.3645008, 0.20005912, 0.4354401), (0.28548583, 0.31662095, 0.39789322), (0.24302384, 0.28968844, 0.46728772), (0.7711346, 0.21677083, 0.0120945405), (0.111521564, 0.51383716, 0.37464127), (0.114700995, 0.47936833, 0.40593067), (0.46150273, 0.4874345, 0.051062763), (0.8554126, 0.11633177, 0.028255628), (0.111849695, 0.37619305, 0.5119573), (0.30904022, 0.14037967, 0.5505801), (0.8293901, 0.058392953, 0.112216964), (0.42927, 0.0561013, 0.5146287), (0.67595166, 0.050829314, 0.27321902), (0.2740331, 0.32525906, 0.40070784), (0.32449347, 0.35117593, 0.3243306), (0.2503735, 0.10709105, 0.64253545), (0.86259305, 0.010900831, 0.12650613), (0.28445002, 0.15903664, 0.55651337), (0.0077769775, 0.93289906, 0.059323963), (0.065272026, 0.10950713, 0.8252208), (0.26560518, 0.65933204, 0.07506279), (0.23947394, 0.49467182, 0.26585424), (0.012364454, 0.7527723, 0.23486328), (0.12722397, 0.024595596, 0.8481804), (0.009268727, 0.03889736, 0.9518339), (0.49811476, 0.44540748, 0.05647776), (0.23124117, 0.56234294, 0.20641592), (0.17239946, 0.097823694, 0.72977686), (0.13229945, 0.10728689, 0.76041365), (0.3731105, 0.49202082, 0.1348687), (0.747662, 0.10398207, 0.14835593), (0.35700613, 0.48392347, 0.1590704), (0.23786512, 0.6616461, 0.100488745), (0.6447859, 0.23096113, 0.124253005), (0.33936957, 0.35144675, 0.30918366), (0.0006167965, 0.97063893, 0.028744252), (0.053122085, 0.45928937, 0.48758855), (0.00087711733, 0.5880167, 0.4111062), (0.2421385, 0.2520259, 0.5058356), (0.07474792, 0.22429822, 0.70095384), (0.060860198, 0.5670134, 0.37212643), (0.20069139, 0.6075202, 0.19178842), (0.2869659, 0.6488078, 0.06422627), (0.08721524, 0.109374166, 0.8034106), (0.53519934, 0.039779298, 0.42502138), (0.03300505, 0.8424257, 0.12456927), (0.17298873, 0.5723811, 0.2546302), (0.865993, 0.0026154735, 0.13139148), (0.12945227, 0.20315993, 0.6673878), (0.61712795, 0.33963555, 0.043236516), (0.8073607, 0.08644449, 0.10619483), (0.14321701, 0.09107884, 0.76570415), (0.24489924, 0.56837976, 0.18672097), (0.651439, 0.34003034, 0.008530624)] (
                elementSize = 63
                interpolation = "uniform"
            )
        }

        over "Volume"
        {
            color3f[] primvars:displayColor = [(0.6969333, 0.04589699, 0.2571697), (0.22842069, 0.5365736, 0.2350057), (0.17530298, 0.39780614, 0.42689088), (0.7752992, 0.10351531, 0.12118549), (0.10183974, 0.1569073, 0.74125296), (0.35979822, 0.45176843, 0.18843338), (0.46743044, 0.28176335, 0.2508062), (0.00580739, 0.67359024, 0.32060236), (0.046371266, 0.057355825, 0.8962729), (0.59627587, 0.315906, 0.08781812), (0.6189627, 0.0197125, 0.36132482), (0.3316572, 0.6222177, 0.046125073), (0.3717662, 0.30479926, 0.32343456), (0.3639286, 0.62727624, 0.008795171), (0.4053149, 0.5280036, 0.06668153), (0.45935458, 0.0448509, 0.49579453), (0.22900899, 0.06468758, 0.7063034), (0.056479212, 0.567466, 0.37605473), (0.64346683, 0.2516184, 0.10491478), (0.18911685, 0.49681073, 0.3140724), (0.42792073, 0.262416, 0.30966327), (0.329942, 0.6378883, 0.03216973), (0.41441548, 0.42883325, 0.15675125), (0.32558933, 0.47458756, 0.19982311), (0.6332127, 0.23474629, 0.13204105), (0.66280407, 0.28951174, 0.047684208), (0.3309002, 0.12440209, 0.5446977), (0.13879207, 0.24928702, 0.6119209), (0.013476764, 0.1839128, 0.80261046), (0.08704223, 0.12158331, 0.79137444), (0.8322916, 0.16701582, 0.00069255364), (0.30064043, 0.17783502, 0.52152455), (0.14228462, 0.111962445, 0.74575293), (0.33784664, 0.12700778, 0.5351456), (0.34743512, 0.0635622, 0.58900267), (0.49061286, 0.4806445, 0.028742652), (0.26376152, 0.014035112, 0.7222034), (0.31742713, 0.10317756, 0.5793953), (0.06330483, 0.6740199, 0.26267526), (0.07924456, 0.65931404, 0.26144138), (0.5851327, 0.33085996, 0.0840073), (0.2376816, 0.62223256, 0.14008583), (0.6390855, 0.3069236, 0.05399091), (0.30629334, 0.6466257, 0.047080982), (0.66072315, 0.32396746, 0.01530938), (0.83571965, 0.05266711, 0.111613266), (0.15209939, 0.16975054, 0.67815006), (0.7240265, 0.018380752, 0.25759274), (0.020314308, 0.94799703, 0.031688664), (0.23867002, 0.46245348, 0.29887646), (0.6452128, 0.11064664, 0.24414052), (0.8773955, 0.08773529, 0.034869194), (0.31799364, 0.22983083, 0.45217553), (0.30778372, 0.26409864, 0.42811763), (0.23296562, 0.32676402, 0.44027036), (0.4997935, 0.2787527, 0.22145379), (0.2398177, 0.13486305, 0.62531924), (0.2604074, 0.3652707, 0.3743219), (0.42229998, 0.40689173, 0.1708083), (0.7581224, 0.22580583, 0.016071776), (0.4393187, 0.5368588, 0.023822531), (0.33084938, 0.6306316, 0.038519002), (0.20915073, 0.1405835, 0.65026575), (0.5062936, 0.21053465, 0.28317174), (0.271861, 0.18126483, 0.54687417), (0.21017325, 0.38553557, 0.40429118), (0.01577192, 0.29671022, 0.6875179), (0.42878106, 0.007991656, 0.5632273), (0.540779, 0.18152776, 0.2776932), (0.018056212, 0.60817754, 0.37376624), (0.77989364, 0.20146565, 0.0186407), (0.18834057, 0.78939027, 0.022269135), (0.61036205, 0.11585222, 0.27378574), (0.031187655, 0.53753823, 0.43127415), (0.24774592, 0.6969895, 0.055264633), (0.6056511, 0.20774044, 0.18660846), (0.1693184, 0.59746116, 0.23322046), (0.4435223, 0.27157977, 0.28489792), (0.104077965, 0.31920016, 0.5767219), (0.35831955, 0.24584684, 0.3958336), (0.23561513, 0.24584992, 0.51853496), (0.015619948, 0.8272764, 0.15710367), (0.13370411, 0.5500191, 0.31627682), (0.15121461, 0.198223, 0.6505624), (0.72939134, 0.13997208, 0.13063662), (0.0017160311, 0.9350725, 0.06321146), (0.5445547, 0.26968086, 0.18576445), (0.6808404, 0.24344845, 0.075711176), (0.7460405, 0.07924526, 0.17471424), (0.3122715, 0.3047365, 0.382992), (0.34786972, 0.12502037, 0.5271099), (0.13020626, 0.5784823, 0.29131144), (0.5718058, 0.050852258, 0.37734196), (0.033312712, 0.7046971, 0.26199022), (0.3655483, 0.070456736, 0.56399494), (0.04975422, 0.4215626, 0.5286832), (0.043304686, 0.009457131, 0.9472382), (0.08837141, 0.14468569, 0.7669429), (0.93559283, 0.007783681, 0.05662351), (0.4632717, 0.4379211, 0.09880718)] (
                elementSize = 100
                interpolation = "uniform"
            )
        }

        over "TopBackLeft"
        {
            color3f[] primvars:displayColor = [(0.85555124, 0.036040843, 0.10840792), (0.2948253, 0.07278003, 0.6323947), (0.3243375, 0.5508822, 0.1247803), (0.54911083, 0.36094254, 0.089946605), (0.022334503, 0.7381254, 0.23954009), (0.78580666, 0.039698977, 0.17449437)] (
                elementSize = 6
                interpolation = "uniform"
            )
        }

        over "TopFrontLeft"
        {
            color3f[] primvars:displayColor = [(0.19134806, 0.42598116, 0.3826708), (0.16276097, 0.40603557, 0.43120345), (0.41680682, 0.3650683, 0.21812491), (0.47799996, 0.2241171, 0.29788294), (0.047874372, 0.47514966, 0.47697598), (0.32304326, 0.3279505, 0.34900624), (0.6650504, 0.02025656, 0.31469303), (0.17181674, 0.32908592, 0.49909735), (0.6260096, 0.048301537, 0.32568887), (0.10608796, 0.6093991, 0.28451297), (0.7193015, 0.13157633, 0.14912215), (0.45359004, 0.09737668, 0.4490333), (0.36013204, 0.48959878, 0.15026917), (0.1630738, 0.36162087, 0.47530532), (0.53283364, 0.1441966, 0.32296976), (0.046490163, 0.20768872, 0.7458211), (0.087284364, 0.0142092, 0.89850646), (0.6277184, 0.15646121, 0.21582042), (0.32547733, 0.59911555, 0.07540713), (0.16905428, 0.5121574, 0.3187883), (0.009235747, 0.019275475, 0.9714888), (0.28029898, 0.7135204, 0.0061805933), (0.026623605, 0.7494701, 0.2239063), (0.61827475, 0.16310771, 0.21861753), (0.26825443, 0.28709596, 0.44464958), (0.16307178, 0.4650413, 0.3718869), (0.4587493, 0.3623133, 0.1789374), (0.46170405, 0.11976218, 0.41853377), (0.26394773, 0.524701, 0.21135132), (0.621614, 0.3583278, 0.020058218), (0.1604924, 0.5866318, 0.2528758), (0.34431013, 0.40730354, 0.24838631), (0.024457308, 0.5833842, 0.39215848), (0.108204246, 0.0027220845, 0.88907367), (0.56226164, 0.21407466, 0.22366373), (0.029113064, 0.35915023, 0.6117367), (0.52060276, 0.035611138, 0.4437861), (0.0065425346, 0.54696095, 0.44649652), (0.5180834, 0.18683274, 0.29508385), (0.14180024, 0.25522038, 0.60297936), (0.76931244, 0.094713494, 0.13597406), (0.50251037, 0.3453825, 0.15210712), (0.024001436, 0.44715393, 0.52884465), (0.679955, 0.12629609, 0.19374889), (0.48411322, 0.2619006, 0.25398618), (0.10403326, 0.0367287, 0.859238), (0.1882377, 0.77275306, 0.039009243), (0.1663912, 0.04680132, 0.7868075), (0.01810193, 0.5089671, 0.472931), (0.4093921, 0.050406452, 0.5402015), (0.5031345, 0.3130532, 0.18381235), (0.00053903, 0.74855995, 0.25090098), (0.062790155, 0.061853938, 0.8753559), (0.5499862, 0.17619607, 0.27381772), (0.21483244, 0.3638644, 0.42130315), (0.16226552, 0.27001342, 0.56772107), (0.26381087, 0.56594056, 0.17024858), (0.7668545, 0.096081614, 0.13706388), (0.7870979, 0.15393336, 0.058968745), (0.15646741, 0.024473436, 0.81905913), (0.40716875, 0.081265874, 0.5115654), (0.83775777, 0.011865279, 0.15037695), (0.46650624, 0.4561909, 0.07730284), (0.3050109, 0.47887033, 0.21611875), (0.28757274, 0.35430276, 0.3581245), (0.8921224, 0.07837247, 0.029505122), (0.36451343, 0.38072434, 0.25476223), (0.57244486, 0.40499648, 0.02255863), (0.1945361, 0.7176292, 0.0878347), (0.5462254, 0.10493294, 0.3488416), (0.6397729, 0.13024281, 0.22998427), (0.23515952, 0.15649597, 0.6083445), (0.12642612, 0.7230542, 0.15051973), (0.37567508, 0.58289635, 0.04142856), (0.40404478, 0.16728319, 0.42867205), (0.22993866, 0.030394113, 0.73966724), (0.07361617, 0.018972427, 0.9074114), (0.105032116, 0.09482026, 0.8001476), (0.17308554, 0.24250336, 0.5844111), (0.14393489, 0.7885313, 0.06753383), (0.312577, 0.64988494, 0.03753801), (0.67070603, 0.053846728, 0.27544725), (0.9403082, 0.009147979, 0.05054382), (0.4478158, 0.26869506, 0.28348917), (0.65265554, 0.24015215, 0.10719231), (0.27320197, 0.124324575, 0.60247344), (0.14864673, 0.7753474, 0.07600587), (0.24728282, 0.22250862, 0.5302086), (0.20501056, 0.4644539, 0.33053553), (0.67130125, 0.14311478, 0.18558395)] (
                elementSize = 90
                interpolation = "uniform"
            )
        }

        over "TopBackRight"
        {
            color3f[] primvars:displayColor = [(0.40586352, 0.22967054, 0.36446592), (0.38851598, 0.32476205, 0.28672197), (0.50892854, 0.45543113, 0.03564034), (0.3449845, 0.2533707, 0.4016448), (0.46695083, 0.2379306, 0.29511857), (0.914775, 0.04464174, 0.04058323), (0.5008853, 0.181122, 0.31799272), (0.12641688, 0.22680594, 0.6467772), (0.18788466, 0.4899083, 0.32220703), (0.17544492, 0.42397454, 0.40058056), (0.39710894, 0.34755084, 0.2553402), (0.80884796, 0.022017298, 0.16913475), (0.06401385, 0.6221717, 0.31381443), (0.06569538, 0.82840353, 0.10590106), (0.7439512, 0.119446315, 0.13660248), (0.03996471, 0.46262586, 0.49740943), (0.48079416, 0.4348201, 0.08438577), (0.6275962, 0.2606392, 0.1117646), (0.16434205, 0.058152806, 0.77750516), (0.28464434, 0.32793045, 0.38742524), (0.22663072, 0.513114, 0.26025528), (0.8881133, 0.019345762, 0.09254094), (0.28401396, 0.034791272, 0.6811948), (0.19155945, 0.79838747, 0.0100530675), (0.5220068, 0.44984335, 0.028149858), (0.10771665, 0.5940241, 0.29825923), (0.41824582, 0.14880055, 0.43295363), (0.15547337, 0.19420493, 0.6503217), (0.18166798, 0.51083076, 0.30750123), (0.007551933, 0.27056032, 0.7218877)] (
                elementSize = 30
                interpolation = "uniform"
            )
        }

        over "TopFrontRight"
        {
            color3f[] primvars:displayColor = [(0.8195978, 0.038815416, 0.14158678), (0.9753474, 0.004649461, 0.020003166), (0.85115033, 0.052206296, 0.09664335), (0.56389064, 0.16071603, 0.27539334), (0.34371585, 0.6077736, 0.048510518), (0.27966395, 0.23637763, 0.48395842), (0.06317614, 0.088738054, 0.8480858), (0.24861425, 0.61882895, 0.13255681), (0.08157482, 0.71749127, 0.2009339), (0.080672614, 0.5051362, 0.41419122), (0.927982, 0.06065646, 0.011361542), (0.32244378, 0.5693388, 0.10821741), (0.23488875, 0.064874366, 0.70023686), (0.69017106, 0.0743723, 0.23545665), (0.10764413, 0.56973743, 0.32261845), (0.14432253, 0.43917844, 0.41649905), (0.2535057, 0.13442448, 0.61206985), (0.056261584, 0.16548793, 0.77825046), (0.15832815, 0.47137216, 0.37029967), (0.21831591, 0.20539452, 0.57628953)] (
                elementSize = 20
                interpolation = "uniform"
            )
        }
    }
}

over "random_varying"
{
    over "Geom"
    {
        over "BasisR0"
        {
            color3f[] primvars:displayColor = [(0.6875717, 0.23484428, 0.07758403), (0.41266856, 0.18040189, 0.40692955), (0.64073, 0.35408074, 0.005189263)] (
                elementSize = 3
                interpolation = "varying"
            )
        }

        over "BasisR1"
        {
            color3f[] primvars:displayColor = [(0.2277386, 0.18562622, 0.5866352), (0.074141964, 0.45848194, 0.46737608), (0.5614307, 0.053711522, 0.38485777), (0.03911152, 0.7757479, 0.1851406), (0.16763307, 0.72059095, 0.11177598), (0.4674908, 0.44753703, 0.08497218), (0.4618034, 0.47202605, 0.06617052)] (
                elementSize = 7
                interpolation = "varying"
            )
        }

        over "BasisR2"
        {
            color3f[] primvars:displayColor = [(0.12801154, 0.3886565, 0.48333195), (0.1401751, 0.46054354, 0.39928135), (0.53221744, 0.2498757, 0.21790685), (0.5675566, 0.29060283, 0.14184053), (0.32455185, 0.19146208, 0.48398605)] (
                elementSize = 5
                interpolation = "varying"
            )
        }

        over "BasisR3"
        {
            color3f[] primvars:displayColor = [(0.04671268, 0.5881388, 0.36514848), (0.25740078, 0.27863008, 0.46396914), (0.1403472, 0.6682313, 0.19142151), (0.20160085, 0.6340064, 0.1643928), (0.15973933, 0.7003891, 0.13987158), (0.44899777, 0.18431374, 0.3666885), (0.30599213, 0.6405935, 0.053414337)] (
                elementSize = 7
                interpolation = "varying"
            )
        }

        over "BasisR4"
        {
            color3f[] primvars:displayColor = [(0.8142249, 0.112623006, 0.07315209), (0.042014413, 0.117093205, 0.8408924), (0.3820739, 0.6167694, 0.00115671), (0.069943294, 0.8405055, 0.089551225), (0.10486598, 0.20993042, 0.6852036)] (
                elementSize = 5
                interpolation = "varying"
            )
        }

        over "BasisR5"
        {
            color3f[] primvars:displayColor = [(0.31356978, 0.06871462, 0.6177156), (0.65407, 0.05210651, 0.29382345), (0.3344206, 0.3939788, 0.27160063), (0.06633935, 0.48982042, 0.4438402), (0.22194785, 0.59080297, 0.18724918), (0.1251547, 0.40160924, 0.47323605), (0.11346627, 0.3680994, 0.51843435)] (
                elementSize = 7
                interpolation = "varying"
            )
        }

        over "BasisR6"
        {
            color3f[] primvars:displayColor = [(0.3425084, 0.4736454, 0.18384622), (0.46226728, 0.17198573, 0.36574697), (0.21290901, 0.7364188, 0.0506722)] (
                elementSize = 3
                interpolation = "varying"
            )
        }

        over "BasisR7"
        {
            color3f[] primvars:displayColor = [(0.34764266, 0.5374, 0.11495735), (0.82355326, 0.072235994, 0.10421071), (0.00254439, 0.66799384, 0.32946175), (0.63702065, 0.3321909, 0.03078845), (0.041231647, 0.6206141, 0.33815423), (0.49024928, 0.16468206, 0.34506866), (0.3012811, 0.17193146, 0.52678746)] (
                elementSize = 7
                interpolation = "varying"
            )
        }

        over "BasisL0"
        {
            color3f[] primvars:displayColor = [(0.14830115, 0.2994415, 0.55225736), (0.7028299, 0.18463267, 0.112537414), (0.13126194, 0.16800451, 0.70073354), (0.51807994, 0.012810439, 0.4691096), (0.21470544, 0.23563711, 0.54965746), (0.65721214, 0.3306102, 0.012177663), (0.92698956, 0.055334527, 0.017675936)] (
                elementSize = 7
                interpolation = "varying"
            )
        }

        over "BasisL1"
        {
            color3f[] primvars:displayColor = [(0.22758216, 0.2784697, 0.4939481), (0.3652853, 0.21941704, 0.41529766), (0.37910792, 0.5005262, 0.12036592), (0.71243954, 0.17340475, 0.11415573), (0.43620554, 0.118732646, 0.44506183)] (
                elementSize = 5
                interpolation = "varying"
            )
        }

        over "BasisL2"
        {
            color3f[] primvars:displayColor = [(0.0058010267, 0.40490156, 0.5892974), (0.8268691, 0.1085394, 0.06459155), (0.032558978, 0.48516917, 0.48227185), (0.029574739, 0.27627787, 0.6941474), (0.0009593313, 0.60954285, 0.3894978), (0.53816146, 0.31005892, 0.15177965), (0.24200854, 0.19729735, 0.5606941)] (
                elementSize = 7
                interpolation = "varying"
            )
        }

        over "BasisL3"
        {
            color3f[] primvars:displayColor = [(0.5173616, 0.16016667, 0.32247174), (0.34379825, 0.4409303, 0.21527144), (0.18711857, 0.5060622, 0.30681923), (0.16470757, 0.62899035, 0.20630209), (0.64260304, 0.22012636, 0.1372706)] (
                elementSize = 5
                interpolation = "varying"
            )
        }

        over "BasisL4"
        {
            color3f[] primvars:displayColor = [(0.2884051, 0.43161982, 0.2799751), (0.12695713, 0.41624573, 0.45679715), (0.3007609, 0.6407261, 0.058513004), (0.13602845, 0.8567529, 0.0072186673), (0.41606262, 0.11541835, 0.468519), (0.63042843, 0.051938854, 0.31763273), (0.29661825, 0.4477891, 0.25559267)] (
                elementSize = 7
                interpolation = "varying"
            )
        }

        over "BasisL5"
        {
            color3f[] primvars:displayColor = [(0.013570275, 0.21196036, 0.7744694), (0.34478348, 0.01580611, 0.63941044), (0.4419986, 0.18258162, 0.37541977)] (
                elementSize = 3
                interpolation = "varying"
            )
        }

        over "BasisL6"
        {
            color3f[] primvars:displayColor = [(0.13614741, 0.4347501, 0.42910248), (0.62061983, 0.026490845, 0.35288933), (0.34402236, 0.5505184, 0.10545928), (0.5737019, 0.22092967, 0.20536843), (0.92799115, 0.0075836717, 0.064425185), (0.032773964, 0.047853436, 0.9193726), (0.73955643, 0.24473077, 0.01571277)] (
                elementSize = 7
                interpolation = "varying"
            )
        }

        over "BasisL7"
        {
            color3f[] primvars:displayColor = [(0.04001023, 0.5272126, 0.43277714), (0.13763556, 0.18071426, 0.68165016), (0.13868628, 0.5623598, 0.29895392), (0.27040455, 0.3238746, 0.40572086), (0.4656787, 0.20005006, 0.33427128)] (
                elementSize = 5
                interpolation = "varying"
            )
        }

        over "Ground"
        {
            color3f[] primvars:displayColor = [(0.48542818, 0.064923614, 0.4496482), (0.3070702, 0.37762195, 0.31530786), (0.23529051, 0.28500623, 0.47970328), (0.13576801, 0.27592626, 0.5883057), (0.2559234, 0.35886365, 0.38521293), (0.062208463, 0.56627035, 0.37152115), (0.05369711, 0.001196126, 0.94510674), (0.08595111, 0.15884887, 0.7552), (0.4443599, 0.27052024, 0.28511986), (0.11440697, 0.056175314, 0.8294177), (0.37474725, 0.570543, 0.054709762), (0.027221696, 0.73343503, 0.23934327), (0.19746445, 0.5666246, 0.235911), (0.17731152, 0.40534976, 0.4173387), (0.14405778, 0.76604664, 0.089895554), (0.3934318, 0.037923858, 0.56864434), (0.4202995, 0.28358886, 0.2961116), (0.27782106, 0.5392587, 0.1829202), (0.3017758, 0.41032422, 0.2879), (0.43915567, 0.42992315, 0.13092117), (0.19062233, 0.47110447, 0.33827323), (0.78169346, 0.002061105, 0.21624544), (0.301299, 0.5933137, 0.10538727), (0.30037653, 0.25917163, 0.44045183), (0.09370989, 0.25065738, 0.65563273), (0.18231171, 0.38802505, 0.42966324), (0.23752576, 0.6995479, 0.062926345), (0.89267683, 0.097453766, 0.009869426), (0.40065345, 0.48268035, 0.1166662), (0.3061922, 0.0054350765, 0.68837273), (0.20991504, 0.6942657, 0.095819235), (0.15571986, 0.4009919, 0.44328824), (0.3467675, 0.17031574, 0.4829168), (0.73467296, 0.26510057, 0.00022644503), (0.3735404, 0.43734127, 0.18911833), (0.43067348, 0.042211775, 0.52711475), (0.21701972, 0.7335655, 0.049414743), (0.8672997, 0.012597507, 0.120102786), (0.42830953, 0.24261023, 0.32908025), (0.16639178, 0.49883977, 0.33476847), (0.008079529, 0.6920455, 0.29987496), (0.3804423, 0.104882985, 0.5146747), (0.27698386, 0.66787803, 0.055138115), (0.66370904, 0.28108174, 0.055209234), (0.3666433, 0.23378853, 0.39956817), (0.64762986, 0.16886003, 0.18351012), (0.0349292, 0.2916528, 0.673418), (0.47257245, 0.24884441, 0.27858314), (0.9042952, 0.08411828, 0.011586539), (0.15633887, 0.430721, 0.4129401), (0.5061594, 0.083598174, 0.4102424), (0.2931649, 0.04809056, 0.6587445), (0.011586874, 0.16291465, 0.82549846), (0.34239495, 0.026770907, 0.63083416), (0.4572121, 0.4757279, 0.06706003), (0.5891745, 0.15192403, 0.25890145), (0.2204117, 0.07035757, 0.7092307), (0.21024361, 0.6342082, 0.15554817), (0.16666682, 0.5205673, 0.31276587), (0.65707874, 0.015102361, 0.32781887), (0.571588, 0.25599965, 0.17241235), (0.14893644, 0.0009879314, 0.85007566), (0.048410885, 0.84929824, 0.10229085), (0.2002794, 0.18264827, 0.61707234), (0.13448714, 0.7074098, 0.15810308), (0.19882408, 0.67485523, 0.12632069), (0.8296444, 0.17021205, 0.00014357116), (0.19492707, 0.43382174, 0.3712512), (0.8412048, 0.12478381, 0.034011364), (0.49299982, 0.1738145, 0.33318567), (0.346129, 0.036137357, 0.61773366), (0.19831854, 0.5374074, 0.26427406), (0.22822256, 0.6109915, 0.16078597), (0.16409047, 0.19066636, 0.64524317), (0.37328586, 0.48007184, 0.1466423), (0.28294665, 0.21849628, 0.49855706), (0.1362919, 0.3520644, 0.5116437), (0.21758893, 0.5703514, 0.21205963), (0.122344725, 0.7596352, 0.11802004), (0.1970868, 0.33380157, 0.46911165)] (
                elementSize = 80
                interpolation = "varying"
            )
        }

        over "Volume"
        {
            color3f[] primvars:displayColor = [(0.20625183, 0.46050245, 0.33324572), (0.45543805, 0.3821029, 0.16245903), (0.07626563, 0.30854878, 0.61518556), (0.1340918, 0.66588897, 0.20001921), (0.004032695, 0.8751744, 0.120792896), (0.20431183, 0.17055164, 0.6251365), (0.3726416, 0.36043411, 0.2669243), (0.61593854, 0.09708035, 0.28698114), (0.1554215, 0.41481313, 0.4297654), (0.32275957, 0.38842738, 0.28881305), (0.3469488, 0.1053645, 0.5476867), (0.060055975, 0.38218427, 0.55775976), (0.28325325, 0.110054724, 0.606692), (0.71286243, 0.047861487, 0.23927607), (0.3530939, 0.07525419, 0.5716519), (0.40091693, 0.14603262, 0.45305043), (0.75674534, 0.15074056, 0.092514075), (0.5556892, 0.32480183, 0.11950893), (0.81888145, 0.06625635, 0.11486218), (0.21920696, 0.34583443, 0.4349586), (0.4426646, 0.3938466, 0.1634888), (0.35761607, 0.36531556, 0.27706835), (0.5119753, 0.1618132, 0.32621154), (0.6279229, 0.237432, 0.1346451), (0.20227568, 0.18375602, 0.6139683), (0.3928801, 0.20349996, 0.40361995), (0.5964022, 0.26183113, 0.14176662), (0.096439466, 0.26105455, 0.642506), (0.7112066, 0.15386918, 0.13492417), (0.59907925, 0.06027798, 0.34064275), (0.4531647, 0.029044466, 0.51779085), (0.3826078, 0.23334053, 0.38405165), (0.6520142, 0.04574985, 0.302236), (0.12030213, 0.5931827, 0.28651518), (0.18539354, 0.06469171, 0.74991477), (0.12756738, 0.41012287, 0.46230975), (0.52458066, 0.32848182, 0.14693753), (0.48808548, 0.4692636, 0.042650905), (0.44055644, 0.18020375, 0.3792398), (0.10913662, 0.1643474, 0.726516), (0.75123894, 0.24678348, 0.0019775867), (0.11058228, 0.50606626, 0.38335145), (0.81244165, 0.0004692342, 0.18708909), (0.18166338, 0.36099645, 0.45734015), (0.56542057, 0.10896726, 0.32561216), (0.089771755, 0.5418479, 0.36838037), (0.26252463, 0.6960444, 0.041430984), (0.116040654, 0.0586826, 0.82527673), (0.19168623, 0.6911341, 0.11717966), (0.47940102, 0.29422227, 0.22637671), (0.30850434, 0.27368024, 0.41781542), (0.7507913, 0.24106833, 0.008140375), (0.7829375, 0.02807501, 0.18898743), (0.49857387, 0.4157771, 0.08564903), (0.2205969, 0.46165144, 0.31775168), (0.10274445, 0.15867007, 0.7385855), (0.046706133, 0.6179996, 0.33529428), (0.31280982, 0.61580986, 0.07138028), (0.030564088, 0.3680728, 0.6013631), (0.34832144, 0.1343771, 0.51730144), (0.3327297, 0.04240521, 0.6248651), (0.12561949, 0.08652457, 0.7878559), (0.07331946, 0.54001015, 0.38667038), (0.45570928, 0.30670986, 0.23758087), (0.0491251, 0.18759824, 0.76327664), (0.33241585, 0.34288538, 0.32469878), (0.043772157, 0.24697389, 0.70925397), (0.052262463, 0.7912083, 0.15652923), (0.333808, 0.047550272, 0.61864173), (0.63834286, 0.1387476, 0.22290953), (0.26160175, 0.14402284, 0.59437543), (0.278234, 0.08058589, 0.6411801), (0.34720543, 0.3233173, 0.32947725), (0.2862743, 0.16801032, 0.54571533), (0.3793576, 0.13422714, 0.48641527), (0.044342786, 0.29553595, 0.66012126), (0.21433046, 0.119017534, 0.666652), (0.16769761, 0.1624567, 0.6698457), (0.34114334, 0.44162944, 0.21722722), (0.5809772, 0.03590157, 0.38312122), (0.12360626, 0.045801427, 0.83059233), (0.5837518, 0.055374354, 0.36087385), (0.4803643, 0.25156763, 0.2680681), (0.034599215, 0.06565013, 0.89975065), (0.32450444, 0.31935897, 0.3561366), (0.56532705, 0.16057175, 0.2741012), (0.12139359, 0.42697912, 0.45162728), (0.33511522, 0.4132948, 0.25159), (0.10675318, 0.5805194, 0.31272745), (0.4336118, 0.19621128, 0.3701769), (0.5844855, 0.39344376, 0.022070786), (0.5674865, 0.044296205, 0.38821727)] (
                elementSize = 92
                interpolation = "varying"
            )
        }

        over "TopBackLeft"
        {
            color3f[] primvars:displayColor = [(0.29955962, 0.64741385, 0.053026553), (0.006396525, 0.06028246, 0.933321), (0.08832784, 0.2974236, 0.6142486), (0.72862405, 0.11592218, 0.15545377), (0.4155203, 0.5286527, 0.055826955), (0.42968875, 0.28214383, 0.28816745), (0.15789895, 0.3271207, 0.5149804), (0.12979792, 0.4833294, 0.38687268)] (
                elementSize = 8
                interpolation = "varying"
            )
        }

        over "TopFrontLeft"
        {
            color3f[] primvars:displayColor = [(0.2458253, 0.08425827, 0.66991645), (0.33825487, 0.04689218, 0.61485296), (0.56717896, 0.4149987, 0.01782233), (0.0006634441, 0.3015901, 0.69774646), (0.71715814, 0.17639077, 0.1064511), (0.04274743, 0.27109754, 0.686155), (0.8190758, 0.1052075, 0.07571668), (0.31267697, 0.10667689, 0.58064616), (0.503228, 0.046311926, 0.45046008), (0.24306345, 0.6637356, 0.093200944), (0.7867763, 0.12801541, 0.08520826), (0.36371204, 0.25708902, 0.37919897), (0.38107195, 0.10877684, 0.5101512), (0.011727403, 0.080118105, 0.9081545), (0.019176051, 0.5636628, 0.41716114), (0.366921, 0.37058616, 0.26249284), (0.29455128, 0.13488539, 0.5705633), (0.2357663, 0.532861, 0.23137267), (0.18477322, 0.5408551, 0.27437165), (0.23879898, 0.04066209, 0.7205389), (0.414363, 0.17337093, 0.41226608), (0.10650855, 0.82730854, 0.06618292), (0.012235278, 0.17165454, 0.8161102), (0.44932932, 0.017513007, 0.5331577), (0.47130018, 0.37765074, 0.15104909), (0.71456534, 0.16445942, 0.12097524), (0.9484288, 0.0395101, 0.012061117), (0.58336, 0.049849335, 0.36679065), (0.23806505, 0.35781488, 0.4041201), (0.90672743, 0.005319522, 0.08795307), (0.016234018, 0.91874945, 0.065016545), (0.12241625, 0.41435596, 0.46322778), (0.14833865, 0.24512486, 0.6065365), (0.73796755, 0.036396433, 0.225636), (0.33455455, 0.021978702, 0.6434667), (0.6829438, 0.24801594, 0.06904024), (0.37112248, 0.3043605, 0.32451704), (0.47784403, 0.4762675, 0.045888472), (0.18417497, 0.1570026, 0.6588224), (0.17089239, 0.2275225, 0.6015851), (0.27013186, 0.16969644, 0.5601717), (0.7759975, 0.046492312, 0.17751017), (0.089404374, 0.8778458, 0.032749828), (0.5330843, 0.39774948, 0.06916626), (0.27382898, 0.4975285, 0.22864252), (0.32627416, 0.37240773, 0.30131808), (0.5061784, 0.25947753, 0.23434407), (0.018582249, 0.07940115, 0.9020166), (0.058953006, 0.55293626, 0.38811073), (0.3589106, 0.178094, 0.4629954), (0.50342625, 0.18779616, 0.3087776), (0.34195113, 0.4178475, 0.24020134), (0.18909408, 0.48569152, 0.3252144), (0.19189078, 0.80081934, 0.0072898897), (0.5906863, 0.4071532, 0.0021604998), (0.2051903, 0.17671567, 0.618094), (0.42191494, 0.31836072, 0.25972435), (0.89071697, 0.025924824, 0.08335821), (0.05775821, 0.6232343, 0.31900755), (0.23048879, 0.1386653, 0.6308459), (0.20856576, 0.28224167, 0.5091925), (0.63285613, 0.16745783, 0.19968604), (0.21538803, 0.41329807, 0.3713139), (0.2310465, 0.28819484, 0.48075867), (0.41907087, 0.38180017, 0.19912896), (0.50338, 0.44485366, 0.05176634), (0.5398474, 0.35394374, 0.106208906), (0.42802823, 0.14257066, 0.4294011), (0.26794153, 0.23848394, 0.49357453), (0.56847054, 0.094616234, 0.33691323), (0.06782286, 0.7473427, 0.18483447), (0.044018354, 0.7444837, 0.21149796), (0.12892824, 0.5693894, 0.30168238), (0.041000385, 0.27438334, 0.68461627), (0.20071626, 0.79617155, 0.0031122016), (0.42567328, 0.24328578, 0.33104095), (0.256902, 0.34168458, 0.4014134), (0.04063293, 0.2952895, 0.6640776), (0.59871256, 0.017617593, 0.38366985), (0.41285816, 0.5302072, 0.056934614), (0.7336317, 0.0074864794, 0.25888184), (0.8949789, 0.0019006847, 0.1031204)] (
                elementSize = 82
                interpolation = "varying"
            )
        }

        over "TopBackRight"
        {
            color3f[] primvars:displayColor = [(0.8206006, 0.15397991, 0.025419442), (0.5590322, 0.16390455, 0.27706325), (0.29249465, 0.3791881, 0.32831725), (0.31571627, 0.07559891, 0.6086848), (0.7193951, 0.18770304, 0.09290186), (0.05689525, 0.84011483, 0.10298992), (0.34579805, 0.19199723, 0.4622047), (0.19522229, 0.65228075, 0.15249695), (0.26304823, 0.6548915, 0.08206025), (0.043691326, 0.48346618, 0.47284248), (0.42272106, 0.12893757, 0.44834137), (0.14449899, 0.21062447, 0.64487654), (0.75892425, 0.197615, 0.043460745), (0.27499107, 0.6604929, 0.064516045), (0.42685798, 0.46643633, 0.10670569), (0.20774026, 0.22925586, 0.5630039), (0.006973589, 0.7796514, 0.21337502), (0.17863747, 0.66027606, 0.16108647), (0.3261211, 0.097546846, 0.5763321), (0.28732246, 0.33096755, 0.38171), (0.1313949, 0.6321694, 0.23643568), (0.0010455096, 0.39114445, 0.60781), (0.41800493, 0.35194898, 0.23004608), (0.3577277, 0.14053534, 0.50173694), (0.62506807, 0.19836503, 0.17656688), (0.28838855, 0.45229, 0.25932145), (0.2989692, 0.56182474, 0.13920604), (0.37185594, 0.4255941, 0.20254995), (0.5064764, 0.44816497, 0.045358606), (0.55377734, 0.1894007, 0.25682196), (0.19102176, 0.24384347, 0.56513476), (0.24005412, 0.4266857, 0.3332602), (0.43939534, 0.55435836, 0.006246301), (0.6977254, 0.091757625, 0.21051696), (0.5857889, 0.38218296, 0.03202817), (0.25549203, 0.5075728, 0.23693515), (0.6260061, 0.20861955, 0.16537434), (0.026994979, 0.25710353, 0.7159015), (0.10091951, 0.27634552, 0.62273496), (0.22652744, 0.23165151, 0.54182106), (0.07698034, 0.62092394, 0.30209574), (0.75434005, 0.21239783, 0.033262093)] (
                elementSize = 42
                interpolation = "varying"
            )
        }

        over "TopFrontRight"
        {
