#usda 1.0

over "constant"
{
    over "Geom"
    {
        over "Volume"
        {
            color3f[] primvars:displayColor = [(0.3175137, 0.3877555, 0.2947308)] (
                elementSize = 1
                interpolation = "constant"
            )
        }

        over "Ground"
        {
            color3f[] primvars:displayColor = [(0.21772239, 0.57292277, 0.20935482)] (
                elementSize = 1
                interpolation = "constant"
            )
        }

        over "TopBackLeft"
        {
            color3f[] primvars:displayColor = [(0.33264, 0.06886001, 0.5985)] (
                elementSize = 1
                interpolation = "constant"
            )
        }

        over "TopFrontLeft"
        {
            color3f[] primvars:displayColor = [(0.95210373, 0.041550513, 0.006345779)] (
                elementSize = 1
                interpolation = "constant"
            )
        }

        over "TopBackRight"
        {
            color3f[] primvars:displayColor = [(0.10085758, 0.30745292, 0.59168947)] (
                elementSize = 1
                interpolation = "constant"
            )
        }

        over "TopFrontRight"
        {
            color3f[] primvars:displayColor = [(0.28218836, 0.34320152, 0.37461013)] (
                elementSize = 1
                interpolation = "constant"
            )
        }
    }
}

over "random_uniform"
{
    over "Geom"
    {
        over "Volume"
        {
            color3f[] primvars:displayColor = [(0.769956, 0.14767554, 0.08236843), (0.5631133, 0.07909501, 0.35779172), (0.5802151, 0.22253378, 0.19725114), (0.44965708, 0.12022919, 0.4301137), (0.20416336, 0.6449947, 0.150842), (0.096961215, 0.11229046, 0.79074836), (0.96133745, 0.015655758, 0.023006767), (0.7414403, 0.20108202, 0.057477694), (0.13501921, 0.13476105, 0.7302197), (0.25936455, 0.49795485, 0.24268061), (0.3461747, 0.50984, 0.14398527), (0.17599185, 0.27348697, 0.5505212), (0.34865755, 0.4059056, 0.24543685), (0.1638028, 0.13287683, 0.7033204), (0.05900425, 0.732411, 0.20858474), (0.12223971, 0.8251479, 0.05261236), (0.2700261, 0.14397217, 0.58600175), (0.51972806, 0.36632824, 0.11394371), (0.43382633, 0.28300634, 0.28316733), (0.6389331, 0.18160148, 0.1794654), (0.8024253, 0.0059606833, 0.19161402), (0.40212002, 0.28536168, 0.31251827), (0.5131616, 0.086198874, 0.40063953), (0.41135097, 0.4961125, 0.09253653), (0.744474, 0.09638155, 0.15914448), (0.24645804, 0.054636292, 0.69890565), (0.07245206, 0.20261064, 0.7249373), (0.34550637, 0.3580209, 0.29647276), (0.21454416, 0.2408884, 0.54456747), (0.5070204, 0.119490355, 0.37348923), (0.15677208, 0.34686488, 0.49636304), (0.056390554, 0.55804545, 0.385564), (0.10452019, 0.084782735, 0.8106971), (0.2759427, 0.065881066, 0.6581762), (0.3342362, 0.007701434, 0.65806234), (0.25823542, 0.24404523, 0.49771935), (0.16302982, 0.58377653, 0.25319365), (0.4164249, 0.22229913, 0.36127597), (0.9227461, 0.0118232565, 0.06543063), (0.18144579, 0.7289319, 0.0896223), (0.22996326, 0.30086058, 0.46917614), (0.15707423, 0.031208158, 0.8117176), (0.18379869, 0.4617189, 0.3544824), (0.5610095, 0.1220877, 0.31690276), (0.8712388, 0.014014513, 0.114746645), (0.043831564, 0.64309573, 0.3130727), (0.4505439, 0.47201535, 0.07744074), (0.37347463, 0.42994267, 0.1965827), (0.1218721, 0.1828964, 0.6952315), (0.30441496, 0.11784808, 0.577737), (0.31647402, 0.48010385, 0.20342211), (0.0036591177, 0.21927993, 0.7770609), (0.033716556, 0.09517361, 0.87110984), (0.5398145, 0.15575787, 0.30442765), (0.20060262, 0.3736397, 0.42575768), (0.08704383, 0.59292626, 0.3200299), (0.15034296, 0.8431689, 0.006488127), (0.71653223, 0.120286845, 0.16318093), (0.30178663, 0.55309135, 0.14512202), (0.0016167483, 0.17413431, 0.8242489), (0.73166907, 0.14165576, 0.12667516), (0.3314535, 0.12692732, 0.5416192), (0.2785062, 0.041238256, 0.6802556), (0.28803825, 0.16382526, 0.5481365), (0.29561076, 0.34572387, 0.35866535), (0.4368078, 0.04375276, 0.5194394), (0.5987186, 0.334142, 0.067139395), (0.023670489, 0.17298108, 0.8033484), (0.57895637, 0.04112703, 0.3799166), (0.56962913, 0.20008783, 0.23028302), (0.18090117, 0.24089548, 0.5782034), (0.6161362, 0.10073911, 0.28312472), (0.65282875, 0.056685872, 0.2904854), (0.053848, 0.23716585, 0.70898616), (0.6389821, 0.07820084, 0.28281707), (0.66605216, 0.31379166, 0.02015617), (0.5071988, 0.095910676, 0.39689052), (0.04718741, 0.18837251, 0.76444006), (0.67115355, 0.014343142, 0.3145033), (0.0140597075, 0.45871255, 0.52722776), (0.35604045, 0.5199435, 0.12401608), (0.30391935, 0.13565934, 0.56042135), (0.6034631, 0.106619895, 0.289917), (0.53057307, 0.3018836, 0.16754332), (0.2790776, 0.25747848, 0.4634439), (0.59074867, 0.15275836, 0.25649294), (0.16182652, 0.4055695, 0.43260399), (0.058231805, 0.68239456, 0.25937364), (0.12235027, 0.8459019, 0.031747825), (0.06702608, 0.91004485, 0.022929063), (0.052196413, 0.825513, 0.12229057), (0.44347817, 0.18069203, 0.37582982), (0.60141623, 0.02404323, 0.37454054), (0.15757751, 0.79561496, 0.046807554), (0.5055344, 0.47836483, 0.016100748), (0.41584727, 0.2426563, 0.34149644), (0.1397409, 0.3175053, 0.5427538), (0.2783246, 0.5034934, 0.21818197), (0.22195408, 0.28900066, 0.48904526), (0.60650086, 0.010320521, 0.38317865)] (
                elementSize = 100
                interpolation = "uniform"
            )
        }

        over "Ground"
        {
            color3f[] primvars:displayColor = [(0.51377815, 0.39077595, 0.09544592), (0.35678846, 0.3850808, 0.2581307), (0.44983634, 0.114888, 0.43527564), (0.24297467, 0.05766263, 0.6993627), (0.07786881, 0.1721743, 0.7499569), (0.4656839, 0.045656726, 0.48865938), (0.24124219, 0.6957436, 0.063014194), (0.20382477, 0.4908104, 0.30536485), (0.08332548, 0.89988095, 0.016793553), (0.7618195, 0.10216175, 0.13601877), (0.12129779, 0.70886445, 0.16983779), (0.25408223, 0.7133745, 0.03254327), (0.38277906, 0.04391201, 0.57330894), (0.215625, 0.15396895, 0.630406), (0.35159996, 0.056514625, 0.5918854), (0.4586347, 0.06632465, 0.47504064), (0.20538254, 0.64845705, 0.1461604), (0.041279703, 0.5255575, 0.43316275), (0.44860163, 0.23332186, 0.31807652), (0.6580042, 0.031768747, 0.310227), (0.36910132, 0.13101034, 0.49988836), (0.46770957, 0.25512332, 0.27716708), (0.30573493, 0.6541452, 0.04011987), (0.4699299, 0.018356623, 0.51171345), (0.08390891, 0.49245912, 0.42363197), (0.053856973, 0.5482882, 0.3978548), (0.51287615, 0.09756932, 0.3895545), (0.6267082, 0.22922786, 0.14406392), (0.006262401, 0.6271875, 0.36655012), (0.27971086, 0.26987952, 0.4504096), (0.59997946, 0.31940868, 0.080611825), (0.24504314, 0.1900056, 0.56495124), (0.86958516, 0.10230738, 0.028107475), (0.34290096, 0.6008441, 0.056254942), (0.28826883, 0.43227625, 0.27945495), (0.33420467, 0.11177105, 0.5540243), (0.44603133, 0.24374025, 0.3102284), (0.2583585, 0.6442514, 0.09739011), (0.101049095, 0.79422516, 0.10472573), (0.3359408, 0.3260875, 0.3379717), (0.65007883, 0.16072541, 0.18919575), (0.3047869, 0.15984103, 0.5353721), (0.15022114, 0.60334706, 0.24643177), (0.056992356, 0.2902447, 0.65276295), (0.23930024, 0.7004283, 0.060271434), (0.44658917, 0.40409368, 0.14931713), (0.27322447, 0.2696458, 0.4571297), (0.59023094, 0.28704903, 0.12272005), (0.47417137, 0.17120762, 0.35462102), (0.87685823, 0.02894758, 0.09419421), (0.40660474, 0.40110245, 0.19229282), (0.5512939, 0.22312422, 0.22558185), (0.11105327, 0.26350114, 0.6254456), (0.88538545, 0.03303653, 0.08157801), (0.202207, 0.052441444, 0.74535155), (0.3826476, 0.1644352, 0.45291722), (0.4910718, 0.397068, 0.1118602), (0.08186543, 0.59299666, 0.32513788), (0.06425763, 0.8088487, 0.12689371), (0.24747421, 0.6893539, 0.06317192), (0.1616694, 0.040154573, 0.79817605), (0.006796173, 0.93673784, 0.056466017), (0.5243899, 0.06826328, 0.40734679)] (
                elementSize = 63
                interpolation = "uniform"
            )
        }

        over "TopBackLeft"
        {
            color3f[] primvars:displayColor = [(0.45155972, 0.06119096, 0.48724934), (0.21964972, 0.738382, 0.041968327), (0.46798643, 0.47023916, 0.06177443), (0.55023646, 0.027188426, 0.42257515), (0.72917086, 0.17304629, 0.09778286), (0.9368586, 0.04047, 0.022671405)] (
                elementSize = 6
                interpolation = "uniform"
            )
        }

        over "TopFrontLeft"
        {
            color3f[] primvars:displayColor = [(0.1794525, 0.5440616, 0.2764859), (0.2739282, 0.41397282, 0.31209898), (0.3635249, 0.081275925, 0.55519915), (0.12214986, 0.064522296, 0.81332785), (0.53490496, 0.14830783, 0.31678718), (0.7816, 0.13076402, 0.08763595), (0.44373503, 0.37706584, 0.17919913), (0.24633203, 0.7281392, 0.025528766), (0.1313018, 0.21966149, 0.6490367), (0.48512632, 0.100224495, 0.4146492), (0.04122734, 0.4155022, 0.54327047), (0.042156864, 0.58436584, 0.3734773), (0.020379182, 0.5532929, 0.42632794), (0.28391552, 0.2221738, 0.4939107), (0.2744796, 0.54544413, 0.18007624), (0.2679077, 0.42887768, 0.3032146), (0.3301291, 0.35503083, 0.31484008), (0.3288913, 0.14612034, 0.52498835), (0.52607185, 0.24810252, 0.22582562), (0.6127223, 0.03296329, 0.35431442), (0.80709624, 0.16790079, 0.025002986), (0.06588293, 0.4631114, 0.47100568), (0.00024938077, 0.42642784, 0.5733228), (0.098803125, 0.6012181, 0.29997876), (0.27750227, 0.40661782, 0.31587988), (0.22303544, 0.21276423, 0.56420034), (0.37685907, 0.38125217, 0.24188876), (0.6445842, 0.23906521, 0.11635059), (0.7277451, 0.07758401, 0.19467087), (0.3182624, 0.09882652, 0.5829111), (0.66679215, 0.24973194, 0.08347592), (0.5116051, 0.17928141, 0.3091135), (0.0786536, 0.2523497, 0.6689967), (0.04985048, 0.040781315, 0.9093682), (0.02341951, 0.755596, 0.2209845), (0.5164577, 0.16184679, 0.32169554), (0.93086165, 0.0123823285, 0.056756042), (0.20957941, 0.2272218, 0.5631988), (0.25655046, 0.049509782, 0.69393975), (0.22605631, 0.14503662, 0.6289071), (0.1323417, 0.7306717, 0.13698661), (0.3040301, 0.029519903, 0.66645), (0.33075908, 0.05686693, 0.612374), (0.19220144, 0.6624023, 0.14539629), (0.08017533, 0.8079015, 0.11192315), (0.16531779, 0.6622245, 0.17245772), (0.07330038, 0.5445214, 0.38217828), (0.46658185, 0.39568394, 0.13773423), (0.0029031073, 0.02783427, 0.9692626), (0.060757864, 0.21259126, 0.7266509), (0.21723458, 0.60595334, 0.17681208), (0.12373559, 0.6644127, 0.21185175), (0.05771792, 0.23155725, 0.71072483), (0.12680148, 0.47368616, 0.39951235), (0.098053016, 0.17099763, 0.73094934), (0.4309431, 0.19174951, 0.3773074), (0.2415348, 0.29397458, 0.46449065), (0.5966829, 0.19017085, 0.21314622), (0.41103518, 0.2559468, 0.33301803), (0.57852006, 0.40465704, 0.016822897), (0.6689614, 0.119485736, 0.21155284), (0.67770296, 0.3098169, 0.012480136), (0.11506718, 0.5478613, 0.33707154), (0.19560342, 0.6867385, 0.11765811), (0.04448934, 0.40346518, 0.55204546), (0.89170593, 0.011501786, 0.096792266), (0.7871113, 0.030562459, 0.18232624), (0.08083386, 0.74066144, 0.17850468), (0.005332317, 0.52468485, 0.46998283), (0.71440756, 0.14390887, 0.14168355), (0.3720296, 0.50979316, 0.11817722), (0.29076767, 0.11415435, 0.595078), (0.28627685, 0.49568778, 0.21803537), (0.62486744, 0.0047083516, 0.37042418), (0.29649684, 0.29645556, 0.4070476), (0.046422157, 0.19895421, 0.75462365), (0.23471545, 0.55844754, 0.20683701), (0.45930687, 0.26455936, 0.27613375), (0.5492877, 0.08855003, 0.3621623), (0.54878193, 0.22734484, 0.22387323), (0.52075696, 0.28188333, 0.1973597), (0.36670628, 0.63005483, 0.0032388936), (0.005886527, 0.06648987, 0.9276236), (0.2922528, 0.4509962, 0.256751), (0.35725737, 0.41367054, 0.22907208), (0.4127382, 0.27042085, 0.31684095), (0.45732135, 0.22720674, 0.31547192), (0.40354028, 0.18053427, 0.41592544), (0.36877874, 0.13774627, 0.493475), (0.11475023, 0.07350335, 0.8117464)] (
                elementSize = 90
                interpolation = "uniform"
            )
        }

        over "TopBackRight"
        {
            color3f[] primvars:displayColor = [(0.73090726, 0.2615654, 0.00752735), (0.23175281, 0.0029086007, 0.7653386), (0.5217912, 0.39702955, 0.08117926), (0.60612226, 0.17766109, 0.21621667), (0.2135651, 0.29220375, 0.49423116), (0.25911358, 0.3696026, 0.37128383), (0.20446788, 0.22916478, 0.5663673), (0.44984657, 0.21668844, 0.333465), (0.40929544, 0.22704127, 0.3636633), (0.11773227, 0.77227694, 0.109990776), (0.6527824, 0.14188328, 0.20533434), (0.33884957, 0.393198, 0.2679524), (0.30966488, 0.15955776, 0.5307774), (0.81880814, 0.025289094, 0.1559028), (0.27374426, 0.61193323, 0.114322506), (0.36631373, 0.25849688, 0.37518936), (0.29890236, 0.17490703, 0.5261906), (0.23949647, 0.38129348, 0.37921005), (0.10797965, 0.79512876, 0.09689159), (0.5193677, 0.058734175, 0.42189816), (0.8203897, 0.02109074, 0.15851958), (0.6793777, 0.010338509, 0.3102838), (0.19704093, 0.38748306, 0.415476), (0.18752703, 0.022795238, 0.78967774), (0.4977073, 0.10446728, 0.39782542), (0.37955704, 0.4182181, 0.20222487), (0.5195591, 0.39182225, 0.08861869), (0.36660147, 0.48819497, 0.14520356), (0.6323865, 0.3576818, 0.009931676), (0.087838754, 0.032837145, 0.8793241)] (
                elementSize = 30
                interpolation = "uniform"
            )
        }

        over "TopFrontRight"
        {
            color3f[] primvars:displayColor = [(0.2589879, 0.18409334, 0.55691874), (0.16815682, 0.30878958, 0.5230536), (0.3503427, 0.56328005, 0.08637725), (0.01751961, 0.5412176, 0.44126275), (0.34375918, 0.09061187, 0.56562895), (0.30701074, 0.15507048, 0.5379188), (0.3416505, 0.044329654, 0.6140199), (0.10639172, 0.85814744, 0.03546085), (0.40694508, 0.398851, 0.19420391), (0.15648729, 0.06818945, 0.7753233), (0.0412484, 0.2027389, 0.75601274), (0.51452965, 0.3095008, 0.17596953), (0.27587968, 0.09295021, 0.6311701), (0.65955716, 0.23673898, 0.10370388), (0.5931198, 0.026460243, 0.38041994), (0.032839492, 0.82151765, 0.14564289), (0.23809022, 0.104617536, 0.65729225), (0.014522127, 0.8158073, 0.1696706), (0.104958184, 0.39453825, 0.5005036), (0.6165765, 0.058657866, 0.32476562)] (
                elementSize = 20
                interpolation = "uniform"
            )
        }
    }
}

over "random_vertex"
{
    over "Geom"
    {
        over "Volume"
        {
            color3f[] primvars:displayColor = [(0.749108, 0.03509128, 0.21580069), (0.1505357, 0.4969861, 0.3524782), (0.22242892, 0.022048138, 0.75552297), (0.83818376, 0.14337136, 0.0184449), (0.19802147, 0.21684594, 0.5851326), (0.1557074, 0.81723356, 0.027059041), (0.26984674, 0.33354348, 0.39660978), (0.37829536, 0.26151025, 0.36019439), (0.43064156, 0.5280274, 0.04133104), (0.17380334, 0.65067875, 0.17551792), (0.013036519, 0.39649832, 0.5904651), (0.16597396, 0.3620842, 0.47194183), (0.58856255, 0.07314289, 0.33829454), (0.34519514, 0.4098319, 0.24497294), (0.6687149, 0.30431244, 0.0269727), (0.17064004, 0.6440845, 0.18527544), (0.017461007, 0.7514655, 0.23107348), (0.15133618, 0.19035456, 0.6583093), (0.29490128, 0.3772918, 0.32780692), (0.37560442, 0.42217037, 0.20222518), (0.42680755, 0.32811096, 0.24508147), (0.59807116, 0.31557664, 0.0863522), (0.066697806, 0.047188416, 0.88611376), (0.453578, 0.08566932, 0.4607527), (0.24786757, 0.7304189, 0.021713527), (0.07659571, 0.47841495, 0.44498935), (0.28128433, 0.43318003, 0.28553563), (0.45362702, 0.2811226, 0.26525038), (0.1985781, 0.6637839, 0.13763799), (0.10989842, 0.013552473, 0.8765491), (0.004744661, 0.93497485, 0.06028047), (0.22185282, 0.43483663, 0.34331056), (0.0778432, 0.3358853, 0.5862715), (0.55014014, 0.22858566, 0.22127417), (0.21153004, 0.09842513, 0.6900448), (0.16099319, 0.55286473, 0.2861421), (0.55731803, 0.38587064, 0.056811336), (0.14068286, 0.74738574, 0.11193142), (0.26897815, 0.7246737, 0.0063481824), (0.2326854, 0.20009798, 0.56721663), (0.35307953, 0.16674843, 0.48017204), (0.45117658, 0.23472404, 0.31409937), (0.30207342, 0.26359344, 0.43433312), (0.38160828, 0.22342949, 0.39496222), (0.6997053, 0.18104027, 0.11925443), (0.7862733, 0.16148429, 0.052242406), (0.38978127, 0.34119022, 0.26902848), (0.31383255, 0.58101916, 0.10514831), (0.33533818, 0.6351809, 0.029480917), (0.2658253, 0.069434434, 0.66474026), (0.105458125, 0.7651199, 0.12942196), (0.5412411, 0.03599292, 0.422766), (0.15100856, 0.3399381, 0.50905335), (0.46077204, 0.35185826, 0.18736967), (0.16450275, 0.29220566, 0.54329157), (0.08537301, 0.23417416, 0.6804528), (0.27326941, 0.6022832, 0.12444741), (0.0119702965, 0.45254195, 0.5354878), (0.44956717, 0.095730044, 0.45470276), (0.7589048, 0.1008075, 0.14028768), (0.14636554, 0.8192836, 0.034350872), (0.47046918, 0.094818875, 0.43471196), (0.013221562, 0.09541508, 0.8913634), (0.19641988, 0.28587022, 0.5177099), (0.020285284, 0.36532205, 0.6143927), (0.7898297, 0.035460383, 0.17470992), (0.11092395, 0.42554232, 0.46353373), (0.04171739, 0.1186342, 0.8396484), (0.51089895, 0.016052397, 0.47304866), (0.0020570986, 0.042635866, 0.955307), (0.71610963, 0.048136465, 0.23575388), (0.077024475, 0.08249153, 0.84048396), (0.005460975, 0.7592935, 0.23524553), (0.29397595, 0.08810098, 0.6179231), (0.3116582, 0.26242584, 0.42591596), (0.520602, 0.1299283, 0.3494697), (0.17491563, 0.22027166, 0.60481274), (0.09641691, 0.38972467, 0.5138584), (0.010939577, 0.5558165, 0.43324393), (0.08519519, 0.14582065, 0.76898414), (0.22447884, 0.5865935, 0.18892768), (0.45661163, 0.30534422, 0.23804414), (0.2610517, 0.04638402, 0.69256425), (0.24613492, 0.12488628, 0.6289788), (0.28494817, 0.32619205, 0.38885975), (0.5947475, 0.38267392, 0.022578591), (0.49251574, 0.035141002, 0.47234324), (0.3327983, 0.13936639, 0.5278353), (0.33564532, 0.44234517, 0.22200951), (0.041256763, 0.020241264, 0.93850195), (0.1742534, 0.6073238, 0.21842276), (0.013633604, 0.4529936, 0.5333728)] (
                elementSize = 92
                interpolation = "vertex"
            )
        }

        over "Ground"
        {
            color3f[] primvars:displayColor = [(0.0048513184, 0.04664344, 0.9485052), (0.07339877, 0.46199656, 0.46460468), (0.23855643, 0.52030563, 0.24113795), (0.050830983, 0.59862125, 0.35054776), (0.3455266, 0.53012687, 0.12434655), (0.6000338, 0.07662191, 0.3233443), (0.6234648, 0.2978547, 0.07868048), (0.6206186, 0.025932947, 0.3534485), (0.12493118, 0.5985657, 0.27650312), (0.24643116, 0.38110176, 0.37246707), (0.20284186, 0.6906478, 0.10651035), (0.05037771, 0.115733124, 0.8338892), (0.08556977, 0.5625315, 0.3518988), (0.66338456, 0.04103371, 0.29558173), (0.08096664, 0.89111936, 0.027913999), (0.54041153, 0.10146979, 0.35811865), (0.51926607, 0.4376122, 0.043121707), (0.27837408, 0.39765897, 0.32396695), (0.8582234, 0.023379706, 0.11839692), (0.45992938, 0.3449979, 0.19507271), (0.079556346, 0.5041962, 0.4162474), (0.4113531, 0.4135858, 0.17506106), (0.8701646, 0.059003357, 0.07083206), (0.35090217, 0.5164211, 0.13267678), (0.14430843, 0.4415162, 0.41417536), (0.40168962, 0.28165013, 0.31666026), (0.3708824, 0.21951465, 0.40960297), (0.10090807, 0.1506456, 0.74844635), (0.45488587, 0.20645335, 0.33866078), (0.3520765, 0.2626087, 0.3853148), (0.5171924, 0.297134, 0.18567353), (0.16836517, 0.36232284, 0.46931198), (0.14674461, 0.647756, 0.20549941), (0.35500017, 0.33203754, 0.3129623), (0.03805129, 0.27006936, 0.69187933), (0.16303726, 0.1949213, 0.64204144), (0.40326822, 0.17751002, 0.41922176), (0.78640634, 0.17705595, 0.036537685), (0.10805489, 0.25509644, 0.6368487), (0.1140891, 0.16774575, 0.71816516), (0.55931437, 0.3515857, 0.08909993), (0.34577307, 0.46001148, 0.19421545), (0.123940535, 0.15112841, 0.72493106), (0.043934986, 0.45610416, 0.49996084), (0.46768713, 0.31834856, 0.2139643), (0.57475877, 0.4154856, 0.009755661), (0.29033557, 0.030300267, 0.67936414), (0.5480462, 0.36249915, 0.089454696), (0.053080197, 0.87593037, 0.07098946), (0.13994955, 0.1485954, 0.71145505), (0.1625165, 0.22949347, 0.60799), (0.008134975, 0.9026185, 0.0892465), (0.78369814, 0.009090191, 0.20721169), (0.60671806, 0.11374165, 0.27954027), (0.3306358, 0.1194833, 0.5498809), (0.013635662, 0.796388, 0.18997638), (0.39948693, 0.5563443, 0.044168793), (0.024905067, 0.19913821, 0.7759567), (0.340173, 0.63138586, 0.028441146), (0.20611747, 0.7868756, 0.007006923), (0.5440876, 0.24317223, 0.21274018), (0.025124582, 0.4118939, 0.56298155), (0.7156986, 0.050428413, 0.233873), (0.101031885, 0.6695434, 0.22942473), (0.26483026, 0.11745711, 0.6177126), (0.3196443, 0.029303228, 0.6510525), (0.29243487, 0.17891826, 0.5286469), (0.37289113, 0.025854677, 0.60125417), (0.13183738, 0.06393166, 0.8042309), (0.2088683, 0.54107714, 0.25005457), (0.70750254, 0.12641963, 0.16607781), (0.22030419, 0.28574693, 0.49394888), (0.72737694, 0.18384726, 0.08877579), (0.15664089, 0.103330866, 0.74002826), (0.41998002, 0.31853065, 0.26148933), (0.32330716, 0.22182302, 0.45486984), (0.10533239, 0.41597858, 0.47868904), (0.07922884, 0.17507522, 0.74569595), (0.6888769, 0.035417832, 0.27570525), (0.21255584, 0.34799397, 0.43945017)] (
                elementSize = 80
                interpolation = "vertex"
            )
        }

        over "TopBackLeft"
        {
            color3f[] primvars:displayColor = [(0.48793218, 0.103190094, 0.40887773), (0.6266067, 0.27247736, 0.10091596), (0.31618935, 0.3319108, 0.35189986), (0.008622351, 0.86140615, 0.12997152), (0.4860819, 0.359161, 0.1547571), (0.22980982, 0.5693254, 0.20086478), (0.22614354, 0.6468881, 0.1269684), (0.10783892, 0.5313992, 0.3607619)] (
                elementSize = 8
                interpolation = "vertex"
            )
        }

        over "TopFrontLeft"
        {
            color3f[] primvars:displayColor = [(0.30505663, 0.67832416, 0.016619185), (0.07231466, 0.10416368, 0.8235217), (0.03434356, 0.7224324, 0.24322404), (0.59091365, 0.1741876, 0.23489875), (0.6899651, 0.060466878, 0.249568), (0.2174206, 0.009026321, 0.7735531), (0.60331666, 0.3152479, 0.08143543), (0.9029493, 0.021649744, 0.075400986), (0.40440068, 0.47889, 0.11670931), (0.4947601, 0.41180873, 0.09343117), (0.35808077, 0.108602375, 0.53331685), (0.6495272, 0.24577302, 0.104699776), (0.8482844, 0.0341634, 0.1175522), (0.31202963, 0.59222925, 0.09574109), (0.6947558, 0.17687972, 0.12836447), (0.030248296, 0.7850689, 0.18468279), (0.28733647, 0.66541076, 0.047252785), (0.15178037, 0.70899343, 0.1392262), (0.35473204, 0.3033459, 0.34192207), (0.9388997, 0.022161456, 0.03893884), (0.07643317, 0.56006724, 0.3634996), (0.78142786, 0.014084158, 0.204488), (0.6064176, 0.34206098, 0.051521413), (0.4586235, 0.3522087, 0.1891678), (0.17521428, 0.6119779, 0.21280788), (0.029854106, 0.08460729, 0.8855386), (0.69654787, 0.10587298, 0.19757916), (0.045793243, 0.7037368, 0.25046998), (0.369946, 0.26891595, 0.36113802), (0.3668466, 0.03744315, 0.5957103), (0.0065415786, 0.14275633, 0.8507021), (0.15821896, 0.19938041, 0.6424006), (0.17920475, 0.1141216, 0.7066737), (0.078182586, 0.7108132, 0.21100417), (0.3694515, 0.07213076, 0.55841774), (0.10674154, 0.6456152, 0.24764322), (0.60561883, 0.21225633, 0.18212482), (0.0035585489, 0.015261404, 0.9811801), (0.47857535, 0.4694917, 0.05193296), (0.059214458, 0.047794167, 0.89299136), (0.08209631, 0.17833658, 0.7395671), (0.3503565, 0.31138903, 0.33825448), (0.5289422, 0.26839888, 0.20265888), (0.2515941, 0.4385185, 0.3098874), (0.23106305, 0.44894004, 0.31999692), (0.5513632, 0.32271126, 0.12592548), (0.66216534, 0.044713058, 0.2931216), (0.55661094, 0.0482128, 0.3951763), (0.100979604, 0.48840418, 0.41061622), (0.287044, 0.65609777, 0.056858256), (0.07018857, 0.71461034, 0.21520108), (0.3097194, 0.08160891, 0.60867167), (0.6202102, 0.07132885, 0.30846095), (0.07008573, 0.06339088, 0.8665234), (0.81410366, 0.14899012, 0.036906198), (0.35897493, 0.5762409, 0.064784184), (0.33259782, 0.11899576, 0.5484064), (0.3497402, 0.59506243, 0.055197343), (0.50196064, 0.44636905, 0.051670335), (0.1858735, 0.49232104, 0.32180548), (0.43230197, 0.36192897, 0.20576905), (0.4044994, 0.4628285, 0.1326721), (0.40497726, 0.2451004, 0.34992236), (0.22912776, 0.49713778, 0.27373445), (0.47985587, 0.32005975, 0.20008437), (0.5387409, 0.30219626, 0.15906288), (0.42847398, 0.06636135, 0.5051647), (0.741908, 0.24350071, 0.014591266), (0.024353923, 0.5760387, 0.39960736), (0.672206, 0.069071874, 0.25872216), (0.7408075, 0.06484923, 0.1943433), (0.68436366, 0.2901681, 0.02546821), (0.41442916, 0.48987603, 0.0956948), (0.08583041, 0.40607142, 0.5080982), (0.30250472, 0.09541129, 0.602084), (0.5780186, 0.020665854, 0.4013155), (0.19137987, 0.79215604, 0.016464062), (0.023936957, 0.48779672, 0.48826632), (0.8707905, 0.11458411, 0.014625426), (0.52773994, 0.39428523, 0.07797484), (0.39976618, 0.46788076, 0.13235308), (0.06471272, 0.8209938, 0.11429348)] (
                elementSize = 82
                interpolation = "vertex"
            )
        }

        over "TopBackRight"
        {
            color3f[] primvars:displayColor = [(0.7293285, 0.14316761, 0.12750387), (0.4157914, 0.06521807, 0.5189906), (0.7305516, 0.14090738, 0.12854105), (0.20879522, 0.48399636, 0.30720842), (0.11947474, 0.15855888, 0.7219664), (0.11793161, 0.78921723, 0.092851155), (0.0641347, 0.8193246, 0.116540715), (0.069636084, 0.6940779, 0.23628603), (0.52841145, 0.4556232, 0.015965328), (0.16849683, 0.26254514, 0.56895804), (0.13858634, 0.20748135, 0.65393233), (0.84649116, 0.14380044, 0.009708379), (0.84820986, 0.05527036, 0.09651975), (0.3532033, 0.062390126, 0.58440655), (0.33041495, 0.13042812, 0.5391569), (0.53074265, 0.46271956, 0.006537817), (0.052969232, 0.55849165, 0.3885391), (0.20792954, 0.43534574, 0.35672474), (0.06214668, 0.72550976, 0.21234357), (0.58693457, 0.0029525538, 0.4101129), (0.6163306, 0.3513852, 0.03228414), (0.271705, 0.18953848, 0.5387565), (0.10596571, 0.40071306, 0.4933212), (0.6076203, 0.17044698, 0.22193275), (0.06583655, 0.692344, 0.24181944), (0.46101147, 0.31659546, 0.22239308), (0.23539026, 0.15194684, 0.6126629), (0.23321064, 0.21303454, 0.5537548), (0.32107937, 0.5296792, 0.14924143), (0.14563647, 0.3711109, 0.48325264), (0.11590895, 0.41560075, 0.4684903), (0.121553466, 0.16895002, 0.7094965), (0.24309185, 0.033251453, 0.7236567), (0.19744368, 0.5297259, 0.27283043), (0.21912992, 0.71797425, 0.0628958), (0.11869653, 0.29621562, 0.58508784), (0.50110924, 0.020076906, 0.4788139), (0.045300756, 0.62280697, 0.3318923), (0.72584534, 0.15758812, 0.11656656), (0.62660944, 0.32061017, 0.05278041), (0.8273293, 0.12945592, 0.0432148), (0.11504443, 0.77619034, 0.10876521)] (
                elementSize = 42
                interpolation = "vertex"
            )
        }

        over "TopFrontRight"
        {
            color3f[] primvars:displayColor = [(0.017490892, 0.2563102, 0.7261989), (0.2920597, 0.61024684, 0.097693466), (0.14772715, 0.18626177, 0.6660111), (0.35439843, 0.05673528, 0.5888663), (0.9281464, 0.0044812863, 0.067372285), (0.055008296, 0.70530665, 0.23968503), (0.5431032, 0.31618586, 0.14071092), (0.13537847, 0.178956, 0.68566555), (0.013425443, 0.6667169, 0.3198577), (0.2998873, 0.64721906, 0.052893627), (0.07114486, 0.6474085, 0.28144667), (0.60045314, 0.0035574643, 0.39598942), (0.2604003, 0.2768029, 0.4627968), (0.36242768, 0.52673596, 0.11083633), (0.036716968, 0.14860775, 0.8146753), (0.7214976, 0.15222363, 0.12627879), (0.12424489, 0.8260844, 0.049670734), (0.5984331, 0.28607854, 0.11548838), (0.44860297, 0.31696233, 0.2344347), (0.46261802, 0.33310747, 0.20427449), (0.092947006, 0.1812586, 0.7257944), (0.69989014, 0.028632531, 0.2714773), (0.36077583, 0.22956015, 0.409664), (0.20542951, 0.51772946, 0.276841), (0.092331335, 0.44156963, 0.46609905), (0.86897075, 0.09295973, 0.038069513), (0.075068586, 0.77636045, 0.14857094), (0.7632896, 0.011591712, 0.2251187), (0.07511112, 0.035465762, 0.88942313), (0.2789269, 0.4276273, 0.29344583), (0.87562734, 0.0669103, 0.057462394)] (
                elementSize = 31
                interpolation = "vertex"
            )
        }
    }
}

over "random_varying"
{
    over "Geom"
    {
        over "Volume"
        {
            color3f[] primvars:displayColor = [(0.48594368, 0.33437, 0.17968634), (0.023646964, 0.22907269, 0.74728036), (0.37876824, 0.17446026, 0.4467715), (0.31746918, 0.4244912, 0.25803962), (0.20664649, 0.40790102, 0.3854525), (0.07172816, 0.6819421, 0.24632972), (0.27075177, 0.19039524, 0.538853), (0.35348624, 0.09988007, 0.54663366), (0.57079715, 0.14375004, 0.2854528), (0.3749632, 0.6125327, 0.0125041045), (0.96855193, 0.025018102, 0.006429959), (0.44644, 0.3549095, 0.19865048), (0.42114258, 0.5004508, 0.07840666), (0.043427337, 0.90819895, 0.048373718), (0.17674203, 0.69185805, 0.1313999), (0.737425, 0.12433955, 0.1382354), (0.3306778, 0.13905405, 0.5302682), (0.24998547, 0.61432433, 0.13569021), (0.27132934, 0.10798881, 0.6206819), (0.025991283, 0.59934217, 0.37466654), (0.0732551, 0.9134314, 0.013313483), (0.13557297, 0.6352372, 0.2291898), (0.47741005, 0.14443421, 0.37815574), (0.10796481, 0.22243503, 0.6696002), (0.27865854, 0.50264025, 0.21870123), (0.13160561, 0.43007588, 0.43831852), (0.6435553, 0.0994988, 0.25694594), (0.23929599, 0.0033842982, 0.7573197), (0.14706346, 0.69239783, 0.16053873), (0.27909365, 0.07085907, 0.65004724), (0.16091193, 0.49046984, 0.34861824), (0.3964595, 0.54947585, 0.054064695), (0.06398791, 0.44656083, 0.48945126), (0.26465744, 0.38112214, 0.35422045), (0.4547832, 0.5180749, 0.02714188), (0.21055791, 0.3634256, 0.42601648), (0.5718854, 0.018859679, 0.4092549), (0.08680617, 0.91024333, 0.0029504707), (0.30791125, 0.439163, 0.25292575), (0.014164544, 0.31472996, 0.6711055), (0.010472451, 0.2652886, 0.724239), (0.0634493, 0.12930654, 0.8072442), (0.000608914, 0.74081683, 0.25857428), (0.64414793, 0.23704804, 0.11880403), (0.25650576, 0.55776626, 0.18572797), (0.7491976, 0.09129044, 0.15951198), (0.16253944, 0.18292297, 0.6545376), (0.15340802, 0.24683328, 0.5997587), (0.5428703, 0.23256336, 0.22456634), (0.22421312, 0.5615388, 0.21424803), (0.31777984, 0.12946118, 0.552759), (0.29768392, 0.08624832, 0.61606777), (0.30887464, 0.65806544, 0.03305992), (0.42777365, 0.2932246, 0.27900174), (0.5435157, 0.20770898, 0.24877535), (0.81128365, 0.18405072, 0.004665664), (0.22121733, 0.13929601, 0.6394867), (0.3660814, 0.19433361, 0.439585), (0.20707564, 0.67368746, 0.1192369), (0.17091121, 0.47145352, 0.3576353), (0.26873627, 0.7193694, 0.011894304), (0.504503, 0.21971257, 0.2757844), (0.22626436, 0.40235046, 0.3713852), (0.5008714, 0.038191378, 0.4609372), (0.014954537, 0.058862098, 0.92618334), (0.47776082, 0.5010458, 0.02119336), (0.036339704, 0.93325007, 0.030410247), (0.22712693, 0.60589695, 0.16697612), (0.003143135, 0.12907124, 0.86778563), (0.6253741, 0.02688653, 0.34773937), (0.34193778, 0.39626282, 0.26179942), (0.05594046, 0.4747986, 0.46926096), (0.7282082, 0.06383094, 0.20796089), (0.14258222, 0.4500224, 0.4073954), (0.15727122, 0.04040183, 0.802327), (0.3296385, 0.52942395, 0.14093757), (0.23820844, 0.31136546, 0.45042607), (0.47096378, 0.1488301, 0.3802061), (0.3109029, 0.4081353, 0.28096184), (0.41698852, 0.03839966, 0.5446118), (0.115235604, 0.12544422, 0.7593202), (0.718742, 0.22234668, 0.05891131), (0.033161134, 0.12381483, 0.843024), (0.23625858, 0.24528232, 0.5184591), (0.52282995, 0.15637039, 0.32079968), (0.6129378, 0.23892006, 0.14814216), (0.33789822, 0.48498493, 0.17711684), (0.30176166, 0.22940135, 0.468837), (0.42241177, 0.051800307, 0.5257879), (0.08655429, 0.08125896, 0.83218676), (0.11033813, 0.8596336, 0.030028261), (0.050204188, 0.4113967, 0.5383991)] (
                elementSize = 92
                interpolation = "varying"
            )
        }

        over "Ground"
        {
            color3f[] primvars:displayColor = [(0.143063, 0.2061057, 0.65083134), (0.51380897, 0.079868674, 0.40632233), (0.066393994, 0.5894277, 0.3441783), (0.013111098, 0.5335414, 0.45334753), (0.19733985, 0.6370009, 0.16565923), (0.30696228, 0.6870568, 0.005980945), (0.90337163, 0.018356198, 0.07827215), (0.013421818, 0.3634152, 0.623163), (0.36643636, 0.08515867, 0.548405), (0.42965996, 0.2575994, 0.31274062), (0.83734775, 0.028870096, 0.13378216), (0.67223, 0.097254656, 0.23051533), (0.29611924, 0.22213109, 0.48174968), (0.34854376, 0.64205164, 0.0094045885), (0.40667686, 0.1435843, 0.44973883), (0.3009886, 0.6048326, 0.09417879), (0.21887483, 0.2775122, 0.503613), (0.4719492, 0.3572737, 0.1707771), (0.28526646, 0.51016784, 0.20456569), (0.008870414, 0.53500795, 0.4561216), (0.14805175, 0.36918548, 0.48276275), (0.33640784, 0.06111534, 0.60247684), (0.17082177, 0.34921753, 0.47996068), (0.32623568, 0.19257045, 0.48119387), (0.2890737, 0.5294159, 0.18151037), (0.5448075, 0.21181886, 0.24337365), (0.29235572, 0.6546332, 0.053011075), (0.09968563, 0.83916414, 0.061150216), (0.13740753, 0.33127195, 0.5313206), (0.3211867, 0.4698587, 0.20895462), (0.08445929, 0.72452617, 0.19101453), (0.82228583, 0.118160166, 0.059553992), (0.6311422, 0.14202297, 0.22683486), (0.73430157, 0.1671458, 0.09855263), (0.22261041, 0.38141176, 0.39597782), (0.256122, 0.070407026, 0.673471), (0.72373354, 0.18188448, 0.094381995), (0.38282695, 0.48076844, 0.1364046), (0.19510964, 0.0024306858, 0.80245966), (0.39848828, 0.534365, 0.0671467), (0.60061485, 0.38951048, 0.009874675), (0.7606637, 0.2248295, 0.014506829), (0.85568494, 0.07225617, 0.07205892), (0.91472715, 0.061312858, 0.023960007), (0.21879198, 0.21050557, 0.57070243), (0.82000357, 0.17842402, 0.0015724027), (0.3252538, 0.2043914, 0.4703548), (0.51635337, 0.34239712, 0.14124952), (0.091541074, 0.7412731, 0.16718581), (0.4741912, 0.18099575, 0.34481305), (0.059647657, 0.2620559, 0.67829645), (0.061761692, 0.59659344, 0.34164485), (0.3899598, 0.112955734, 0.49708444), (0.20567152, 0.28148544, 0.512843), (0.23895262, 0.3702621, 0.3907853), (0.04246906, 0.3706029, 0.58692807), (0.06863945, 0.6030181, 0.32834247), (0.2795668, 0.2046519, 0.5157813), (0.5672331, 0.01573259, 0.41703436), (0.012980145, 0.2606222, 0.72639763), (0.32523188, 0.3643632, 0.31040493), (0.60037524, 0.024361484, 0.3752633), (0.13911723, 0.33409935, 0.5267834), (0.113161, 0.3434916, 0.54334736), (0.37981287, 0.19835621, 0.42183092), (0.22952971, 0.55494326, 0.215527), (0.2535908, 0.111736126, 0.63467306), (0.26821247, 0.42256182, 0.3092257), (0.3424558, 0.52479744, 0.13274674), (0.26710045, 0.3129358, 0.41996375), (0.21198133, 0.08253121, 0.7054875), (0.6342238, 0.08923435, 0.2765418), (0.45703277, 0.31048718, 0.23248005), (0.23338254, 0.16933657, 0.5972809), (0.64069515, 0.108200386, 0.25110447), (0.9157047, 0.0785614, 0.0057338607), (0.1793128, 0.15525673, 0.6654305), (0.21217649, 0.20627676, 0.5815467), (0.19010112, 0.26018786, 0.54971105), (0.2100766, 0.5484847, 0.24143873)] (
                elementSize = 80
                interpolation = "varying"
            )
        }

        over "TopBackLeft"
        {
            color3f[] primvars:displayColor = [(0.025470229, 0.23639984, 0.7381299), (0.390415, 0.58887035, 0.02071465), (0.15108919, 0.70990753, 0.13900326), (0.0163852, 0.17639063, 0.80722415), (0.38735718, 0.08141355, 0.53122926), (0.12149918, 0.025474273, 0.85302657), (0.16209567, 0.49527505, 0.34262928), (0.13547575, 0.74070436, 0.12381989)] (
                elementSize = 8
                interpolation = "varying"
            )
        }

        over "TopFrontLeft"
        {
            color3f[] primvars:displayColor = [(0.33896703, 0.15294696, 0.508086), (0.13204713, 0.15269849, 0.71525437), (0.089192934, 0.09350694, 0.81730014), (0.4143331, 0.5796745, 0.005992407), (0.46049374, 0.4365818, 0.10292449), (0.18919334, 0.2570698, 0.55373687), (0.55579823, 0.09439802, 0.34980375), (0.6392183, 0.027998807, 0.3327829), (0.23882696, 0.31154338, 0.44962966), (0.056539558, 0.09342856, 0.85003185), (0.5301861, 0.16088022, 0.30893368), (0.22066873, 0.4521239, 0.32720736), (0.27726465, 0.3673653, 0.35537004), (0.7363255, 0.21280026, 0.05087424), (0.3641917, 0.079333484, 0.5564748), (0.04058049, 0.112314425, 0.8471051), (0.4612383, 0.307642, 0.23111969), (0.05882289, 0.20512825, 0.7360489), (0.4109131, 0.3112367, 0.27785015), (0.36749572, 0.23632072, 0.39618358), (0.2234494, 0.1900503, 0.5865003), (0.33365408, 0.0043139514, 0.662032), (0.114071, 0.4967574, 0.3891716), (0.10065319, 0.33335873, 0.56598806), (0.23203847, 0.1551674, 0.6127941), (0.59817606, 0.19818561, 0.20363836), (0.70025533, 0.006874816, 0.29286987), (0.35338777, 0.584864, 0.061748177), (0.22082864, 0.42599472, 0.35317665), (0.0494767, 0.72012806, 0.23039523), (0.5637411, 0.12755606, 0.3087029), (0.21175848, 0.004452185, 0.78378934), (0.13519247, 0.77730155, 0.08750597), (0.0020008339, 0.6727898, 0.32520938), (0.18870421, 0.50344765, 0.30784813), (0.07453803, 0.25827208, 0.6671899), (0.23644768, 0.22627798, 0.53727436), (0.7896427, 0.061531693, 0.14882562), (0.7671626, 0.22215503, 0.010682348), (0.24475753, 0.2765759, 0.47866657), (0.33074632, 0.3346518, 0.33460188), (0.4345867, 0.08359741, 0.48181587), (0.097895935, 0.49563956, 0.4064645), (0.11187597, 0.868243, 0.019881044), (0.39582843, 0.17721814, 0.42695343), (0.8148034, 0.18356791, 0.0016286825), (0.69101274, 0.1813244, 0.1276629), (0.1457823, 0.7795875, 0.074630216), (0.8838283, 0.10806035, 0.008111336), (0.14454952, 0.65019846, 0.20525202), (0.41560557, 0.43917885, 0.14521557), (0.08817011, 0.6376868, 0.27414307), (0.010866597, 0.5784794, 0.41065398), (0.4236414, 0.19552012, 0.38083848), (0.51296604, 0.17922497, 0.307809), (0.13523309, 0.80568063, 0.05908627), (0.45009795, 0.04014863, 0.5097534), (0.8689244, 0.052876808, 0.07819879), (0.2076545, 0.31702068, 0.4753248), (0.29270217, 0.3519727, 0.35532513), (0.2177466, 0.72441536, 0.057838034), (0.21475297, 0.3692702, 0.41597682), (0.91728765, 0.04000954, 0.04270282), (0.6320117, 0.12376632, 0.24422199), (0.53244174, 0.21599221, 0.25156605), (0.40298963, 0.29848492, 0.29852545), (0.34580243, 0.60054183, 0.053655736), (0.1360185, 0.26347384, 0.6005077), (0.5160212, 0.39740267, 0.08657612), (0.43307066, 0.14365023, 0.4232791), (0.4403125, 0.44115618, 0.118531324), (0.08772092, 0.24604887, 0.6662302), (0.15156442, 0.45198372, 0.39645186), (0.29434854, 0.23138589, 0.47426558), (0.4621487, 0.029588219, 0.5082631), (0.4913515, 0.060271345, 0.44837716), (0.30998313, 0.09668504, 0.5933318), (0.24725035, 0.1696336, 0.58311605), (0.29121068, 0.08845219, 0.6203371), (0.20392664, 0.43655214, 0.3595212), (0.1500292, 0.570499, 0.2794718), (0.061383564, 0.0020259386, 0.9365905)] (
                elementSize = 82
                interpolation = "varying"
            )
        }

        over "TopBackRight"
        {
