#usda 1.0

over "constant"
{
    over "Geom"
    {
        over "Volume"
        {
            color3f[] primvars:displayColor = [(0.4008371, 0.11669967, 0.48246324)] (
                elementSize = 1
                interpolation = "constant"
            )
        }

        over "Ground"
        {
            color3f[] primvars:displayColor = [(0.5514742, 0.32957506, 0.11895072)] (
                elementSize = 1
                interpolation = "constant"
            )
        }

        over "TopBackLeft"
        {
            color3f[] primvars:displayColor = [(0.0923411, 0.31504995, 0.5926089)] (
                elementSize = 1
                interpolation = "constant"
            )
        }

        over "TopFrontLeft"
        {
            color3f[] primvars:displayColor = [(0.0066242134, 0.24374922, 0.7496266)] (
                elementSize = 1
                interpolation = "constant"
            )
        }

        over "TopBackRight"
        {
            color3f[] primvars:displayColor = [(0.2168934, 0.6915018, 0.09160479)] (
                elementSize = 1
                interpolation = "constant"
            )
        }

        over "TopFrontRight"
        {
            color3f[] primvars:displayColor = [(0.4509841, 0.472247, 0.076768905)] (
                elementSize = 1
                interpolation = "constant"
            )
        }
    }
}

over "random_uniform"
{
    over "Geom"
    {
        over "Volume"
        {
            color3f[] primvars:displayColor = [(0.042641386, 0.7487481, 0.20861046), (0.06323746, 0.20255665, 0.7342059), (0.15495428, 0.21985137, 0.6251943), (0.9362991, 0.027025344, 0.03667556), (0.33967993, 0.5641517, 0.09616838), (0.27202904, 0.71004665, 0.017924309), (0.12846492, 0.3374093, 0.5341258), (0.08031824, 0.7765272, 0.14315452), (0.5898409, 0.2333993, 0.17675981), (0.059749898, 0.7609317, 0.17931844), (0.029707782, 0.49525216, 0.47504005), (0.30009085, 0.14384851, 0.5560606), (0.022171928, 0.35149452, 0.62633353), (0.12170611, 0.57018435, 0.30810952), (0.3783146, 0.18365185, 0.43803352), (0.33560106, 0.6373199, 0.02707901), (0.19870621, 0.54198575, 0.25930804), (0.07444497, 0.24711028, 0.67844474), (0.03781645, 0.64575344, 0.31643012), (0.3841485, 0.45980683, 0.15604465), (0.53661025, 0.28035474, 0.18303505), (0.20960405, 0.20944935, 0.5809466), (0.1980591, 0.19304077, 0.6089001), (0.44973403, 0.3626149, 0.18765107), (0.2145662, 0.52198625, 0.26344752), (0.75910413, 0.11871552, 0.122180335), (0.102501646, 0.20816062, 0.68933773), (0.0642472, 0.86249506, 0.07325775), (0.5026598, 0.07111891, 0.42622128), (0.7672514, 0.15434971, 0.07839889), (0.7328213, 0.21669993, 0.050478756), (0.38969356, 0.39395103, 0.21635541), (0.20225987, 0.08386509, 0.71387506), (0.1131105, 0.8749085, 0.01198098), (0.25316292, 0.33108288, 0.41575423), (0.6846204, 0.16969503, 0.14568457), (0.8004296, 0.16175744, 0.037812985), (0.39923343, 0.46981907, 0.1309475), (0.3039158, 0.48110476, 0.21497944), (0.41756567, 0.14021423, 0.4422201), (0.5728253, 0.008948505, 0.41822615), (0.52749884, 0.28171802, 0.19078316), (0.5471322, 0.4104287, 0.042439114), (0.39016786, 0.41083962, 0.19899252), (0.41559458, 0.5290203, 0.055385128), (0.8870817, 0.012906988, 0.100011356), (0.64530003, 0.18715888, 0.16754112), (0.088605024, 0.43919283, 0.47220215), (0.47868884, 0.21795823, 0.30335292), (0.15679298, 0.01652343, 0.8266836), (0.26164106, 0.09953042, 0.6388285), (0.15147674, 0.17805985, 0.67046344), (0.4504674, 0.14765877, 0.40187383), (0.06742291, 0.61403155, 0.31854555), (0.32187775, 0.13453124, 0.543591), (0.34097934, 0.15293571, 0.5060849), (0.4618893, 0.28718156, 0.25092915), (0.47758427, 0.2732559, 0.24915981), (0.21097739, 0.3763432, 0.4126794), (0.15556422, 0.66022164, 0.18421412), (0.029817052, 0.08340194, 0.886781), (0.16325751, 0.13038889, 0.7063536), (0.4843254, 0.117338255, 0.39833632), (0.48612756, 0.24708715, 0.2667853), (0.6440736, 0.07398683, 0.28193957), (0.23353286, 0.4870776, 0.27938956), (0.12897088, 0.7247216, 0.14630754), (0.08503796, 0.73291504, 0.18204698), (0.2621963, 0.08706638, 0.6507373), (0.7514958, 0.22733839, 0.021165833), (0.09161099, 0.43901703, 0.46937197), (0.09918125, 0.45391312, 0.4469056), (0.24624772, 0.34495318, 0.40879908), (0.2967814, 0.19135796, 0.51186067), (0.099358305, 0.6972072, 0.20343447), (0.5938843, 0.07472895, 0.33138677), (0.18539497, 0.3155269, 0.49907812), (0.28581396, 0.2854644, 0.4287216), (0.48172948, 0.19408078, 0.32418975), (0.35460055, 0.5707913, 0.07460813), (0.13365369, 0.58958524, 0.27676108), (0.22677594, 0.3457614, 0.42746267), (0.3078291, 0.6504713, 0.04169952), (0.055593282, 0.6627637, 0.28164303), (0.5821736, 0.28859064, 0.12923579), (0.7629693, 0.0553627, 0.181668), (0.41991332, 0.53603375, 0.044052936), (0.76088524, 0.091184184, 0.14793059), (0.37206343, 0.070886984, 0.5570496), (0.31380734, 0.5217185, 0.16447417), (0.24447185, 0.4688221, 0.28670606), (0.03487562, 0.6706546, 0.29446977), (0.75907934, 0.16764374, 0.07327694), (0.46733382, 0.39872667, 0.1339395), (0.14810123, 0.22173062, 0.63016814), (0.34735578, 0.26535073, 0.3872935), (0.5439722, 0.070783116, 0.3852447), (0.6775271, 0.21171309, 0.1107598), (0.3065134, 0.05275486, 0.64073175), (0.25234434, 0.20053656, 0.5471191)] (
                elementSize = 100
                interpolation = "uniform"
            )
        }

        over "Ground"
        {
            color3f[] primvars:displayColor = [(0.040801056, 0.35598487, 0.6032141), (0.3001634, 0.10633444, 0.59350216), (0.08709332, 0.85728365, 0.055623043), (0.43995634, 0.5238709, 0.036172777), (0.03321387, 0.4085465, 0.55823964), (0.1863403, 0.61318815, 0.20047157), (0.117463335, 0.6144281, 0.2681086), (0.26484683, 0.32839796, 0.4067552), (0.122461505, 0.05883426, 0.81870425), (0.34579462, 0.55036104, 0.103844374), (0.35827702, 0.53783107, 0.103891894), (0.5102335, 0.36094546, 0.12882099), (0.5404898, 0.23030587, 0.22920436), (0.09864588, 0.17007166, 0.7312825), (0.60705584, 0.12077817, 0.27216598), (0.3241002, 0.104071274, 0.57182854), (0.06241862, 0.64524925, 0.29233214), (0.15667401, 0.27358252, 0.56974345), (0.58988327, 0.22508994, 0.18502681), (0.28548926, 0.48866165, 0.2258491), (0.027829641, 0.68313706, 0.2890333), (0.2569232, 0.22460836, 0.51846844), (0.80663353, 0.025993744, 0.16737275), (0.17253144, 0.18356067, 0.6439079), (0.13577357, 0.23864391, 0.6255825), (0.49977356, 0.48565346, 0.014572985), (0.019906197, 0.02369238, 0.9564014), (0.12078968, 0.7893544, 0.08985593), (0.17832753, 0.43182892, 0.38984358), (0.40378672, 0.06657612, 0.52963716), (0.55007005, 0.21243651, 0.23749346), (0.09540433, 0.4344406, 0.47015506), (0.15785028, 0.4314968, 0.41065294), (0.6497468, 0.052225444, 0.2980278), (0.56643397, 0.20741142, 0.22615461), (0.1221753, 0.43330002, 0.44452468), (0.20881541, 0.14613296, 0.64505166), (0.2652575, 0.717143, 0.01759948), (0.3392957, 0.23792453, 0.42277977), (0.33203465, 0.22546679, 0.44249856), (0.44806483, 0.52584547, 0.026089726), (0.27629516, 0.43889555, 0.2848093), (0.32072502, 0.53376055, 0.14551441), (0.32687134, 0.3963598, 0.27676886), (0.40273076, 0.1845989, 0.41267034), (0.31509876, 0.48820832, 0.19669291), (0.015208246, 0.9175468, 0.06724492), (0.17672347, 0.015396577, 0.80788), (0.45953432, 0.280982, 0.2594837), (0.5683326, 0.047602497, 0.38406488), (0.5091986, 0.031636372, 0.459165), (0.38129416, 0.05848551, 0.5602203), (0.5727241, 0.34593028, 0.08134562), (0.30834994, 0.12141125, 0.5702388), (0.019052919, 0.44720432, 0.5337428), (0.011694913, 0.70904225, 0.27926284), (0.79582953, 0.07618966, 0.1279808), (0.1840448, 0.2094814, 0.6064738), (0.13085864, 0.8390929, 0.030048452), (0.2064844, 0.54266906, 0.2508465), (0.66669, 0.25118786, 0.08212212), (0.7585642, 0.022322008, 0.21911383), (0.51912344, 0.22126687, 0.25960967)] (
                elementSize = 63
                interpolation = "uniform"
            )
        }

        over "TopBackLeft"
        {
            color3f[] primvars:displayColor = [(0.6030395, 0.3178997, 0.0790608), (0.14686815, 0.39591828, 0.45721358), (0.4938306, 0.18889824, 0.31727117), (0.6274488, 0.23804209, 0.13450912), (0.6779064, 0.12374876, 0.19834486), (0.067334026, 0.057751212, 0.87491477)] (
                elementSize = 6
                interpolation = "uniform"
            )
        }

        over "TopFrontLeft"
        {
            color3f[] primvars:displayColor = [(0.734618, 0.22608592, 0.039296098), (0.50585985, 0.4211508, 0.072989345), (0.07401328, 0.053088784, 0.8728979), (0.1881387, 0.19701228, 0.61484903), (0.45751327, 0.5287919, 0.013694801), (0.0061345315, 0.4364341, 0.5574314), (0.28147632, 0.0023872904, 0.7161364), (0.33890703, 0.6515853, 0.009507672), (0.70465785, 0.047606587, 0.24773557), (0.15207382, 0.21084669, 0.6370795), (0.18260603, 0.7420192, 0.075374775), (0.4532595, 0.4167092, 0.13003129), (0.38463154, 0.5996128, 0.015755672), (0.37046036, 0.14168805, 0.4878516), (0.027510067, 0.6745438, 0.29794613), (0.36791393, 0.32447362, 0.30761245), (0.8028527, 0.09169241, 0.10545489), (0.016806016, 0.76931196, 0.21388204), (0.1492668, 0.2705753, 0.58015794), (0.75305873, 0.065006666, 0.18193462), (0.52796805, 0.16101444, 0.31101754), (0.18133035, 0.22189203, 0.5967776), (0.61218196, 0.047040112, 0.34077793), (0.1283294, 0.053116187, 0.8185544), (0.43066308, 0.29859236, 0.2707446), (0.53448, 0.073605955, 0.39191404), (0.19836597, 0.1773366, 0.62429744), (0.42264992, 0.11925275, 0.4580973), (0.60270756, 0.21334939, 0.18394305), (0.20636085, 0.61109364, 0.18254551), (0.08989521, 0.686589, 0.22351578), (0.32143858, 0.5417264, 0.136835), (0.11981751, 0.7139716, 0.16621086), (0.6361465, 0.13655877, 0.22729476), (0.20704512, 0.31421077, 0.4787441), (0.21233372, 0.3107048, 0.47696146), (0.097215295, 0.5734788, 0.3293059), (0.25667816, 0.11922482, 0.624097), (0.4307756, 0.21195276, 0.35727164), (0.44501916, 0.19890437, 0.35607648), (0.2931647, 0.25239235, 0.45444292), (0.8648857, 0.1277191, 0.0073952354), (0.13787712, 0.3438596, 0.5182633), (0.5423601, 0.23829694, 0.21934293), (0.15384175, 0.07257861, 0.77357966), (0.15768225, 0.56429243, 0.2780253), (0.19603297, 0.39439186, 0.40957513), (0.5094306, 0.26234344, 0.22822596), (0.4792835, 0.41151986, 0.10919664), (0.46681535, 0.05285679, 0.48032787), (0.401665, 0.36988747, 0.22844751), (0.85634136, 0.012465803, 0.13119286), (0.27214983, 0.58236665, 0.14548352), (0.12834243, 0.47447115, 0.39718643), (0.17415057, 0.1965358, 0.62931365), (0.51044357, 0.14691369, 0.34264275), (0.7146998, 0.23284616, 0.052454073), (0.62964535, 0.27677208, 0.09358259), (0.30748296, 0.49991062, 0.19260642), (0.031428345, 0.89393336, 0.074638315), (0.09397023, 0.90347093, 0.0025588395), (0.6288509, 0.26297626, 0.108172886), (0.0481851, 0.5804626, 0.37135231), (0.095651, 0.13797814, 0.7663709), (0.31334114, 0.28809956, 0.3985593), (0.6729387, 0.12424068, 0.2028206), (0.11190002, 0.123203985, 0.764896), (0.26950428, 0.39430168, 0.33619404), (0.8930508, 0.031555656, 0.07539355), (0.45164245, 0.3964296, 0.15192795), (0.25459233, 0.4225031, 0.32290456), (0.4458515, 0.13797815, 0.41617033), (0.31724685, 0.117428795, 0.56532437), (0.15535818, 0.05201936, 0.79262245), (0.065281756, 0.49206775, 0.4426505), (0.49101838, 0.38706386, 0.121917754), (0.32934108, 0.1260847, 0.5445742), (0.29325292, 0.65412265, 0.052624438), (0.07800753, 0.5407039, 0.38128856), (0.10649268, 0.41694903, 0.4765583), (0.3488823, 0.2578567, 0.39326102), (0.42668143, 0.24577512, 0.32754344), (0.1402752, 0.0660202, 0.7937046), (0.067259476, 0.7054886, 0.22725193), (0.57507926, 0.28295302, 0.14196773), (0.0330771, 0.9480768, 0.018846115), (0.29685035, 0.6746363, 0.028513342), (0.114862986, 0.2707874, 0.6143496), (0.3489652, 0.069140814, 0.581894), (0.38493386, 0.5592705, 0.05579566)] (
                elementSize = 90
                interpolation = "uniform"
            )
        }

        over "TopBackRight"
        {
            color3f[] primvars:displayColor = [(0.2416133, 0.10173088, 0.6566558), (0.5204194, 0.37143394, 0.10814665), (0.52815986, 0.30689284, 0.16494732), (0.3351066, 0.53767294, 0.12722047), (0.029237814, 0.95943344, 0.011328776), (0.024346972, 0.59933573, 0.3763173), (0.084714286, 0.28255558, 0.6327301), (0.092322215, 0.010025911, 0.89765185), (0.14929911, 0.7963539, 0.054346986), (0.19818543, 0.31552505, 0.48628953), (0.32917032, 0.2589463, 0.41188338), (0.25218037, 0.3215167, 0.42630294), (0.25018746, 0.5044424, 0.24537016), (0.25810528, 0.6816992, 0.060195502), (0.4472647, 0.3271494, 0.22558592), (0.037350703, 0.37851864, 0.58413064), (0.069730796, 0.6286858, 0.30158344), (0.022954892, 0.89362496, 0.08342015), (0.8674508, 0.014720146, 0.11782908), (0.049468532, 0.85036045, 0.10017102), (0.689884, 0.2972648, 0.012851179), (0.00613255, 0.43235463, 0.5615128), (0.20517705, 0.74119896, 0.05362396), (0.08738954, 0.12879543, 0.783815), (0.20397927, 0.5960738, 0.1999469), (0.64963627, 0.003000668, 0.34736305), (0.17869668, 0.20093162, 0.6203717), (0.03601583, 0.54352283, 0.42046133), (0.7991854, 0.074690916, 0.12612371), (0.21809624, 0.16702422, 0.61487955)] (
                elementSize = 30
                interpolation = "uniform"
            )
        }

        over "TopFrontRight"
        {
            color3f[] primvars:displayColor = [(0.35800612, 0.51561767, 0.12637621), (0.0075770523, 0.9423231, 0.050099872), (0.31578657, 0.06474528, 0.61946815), (0.07688955, 0.32852775, 0.5945827), (0.3762171, 0.010744598, 0.6130383), (0.568212, 0.16892941, 0.2628586), (0.7895558, 0.1365943, 0.07384994), (0.7673738, 0.109828874, 0.122797325), (0.07165858, 0.51931375, 0.4090277), (0.09434442, 0.55714583, 0.34850973), (0.21422601, 0.5417259, 0.24404812), (0.4707247, 0.29518315, 0.23409213), (0.20609723, 0.3777935, 0.4161093), (0.046766188, 0.45420477, 0.49902907), (0.53705436, 0.34490743, 0.1180382), (0.11910396, 0.25090694, 0.6299891), (0.2887813, 0.21010384, 0.5011149), (0.162314, 0.36796695, 0.46971905), (0.14102978, 0.29312047, 0.5658498), (0.6296468, 0.13672745, 0.23362575)] (
                elementSize = 20
                interpolation = "uniform"
            )
        }
    }
}

over "random_vertex"
{
    over "Geom"
    {
        over "Volume"
        {
            color3f[] primvars:displayColor = [(0.1632758, 0.55806834, 0.27865586), (0.38383016, 0.2967066, 0.31946325), (0.51910824, 0.4611105, 0.019781252), (0.045069553, 0.79279584, 0.16213459), (0.18368788, 0.13311447, 0.6831977), (0.18201287, 0.40331915, 0.41466796), (0.84908223, 0.14006847, 0.010849287), (0.021611517, 0.6378527, 0.34053576), (0.09902526, 0.18111877, 0.71985596), (0.7514937, 0.20577988, 0.04272643), (0.061815977, 0.5463274, 0.3918566), (0.67049825, 0.2889687, 0.040533043), (0.17089944, 0.75152403, 0.077576526), (0.50276154, 0.32735306, 0.16988538), (0.058678314, 0.35468292, 0.58663875), (0.1874975, 0.4274527, 0.3850498), (0.29909104, 0.620636, 0.08027297), (0.12706281, 0.8589985, 0.013938738), (0.18282884, 0.5143235, 0.30284768), (0.5945548, 0.38452265, 0.020922536), (0.44816625, 0.3944457, 0.15738805), (0.13781643, 0.4293912, 0.43279237), (0.2983224, 0.33543253, 0.36624506), (0.5952274, 0.0030298266, 0.40174276), (0.2031898, 0.06650078, 0.7303094), (0.060899973, 0.13439275, 0.8047073), (0.3053974, 0.68012935, 0.01447328), (0.2962235, 0.68051773, 0.023258794), (0.17270772, 0.5524057, 0.27488658), (0.78068906, 0.011386374, 0.20792454), (0.48038948, 0.49412033, 0.025490195), (0.78666294, 0.11209163, 0.10124546), (0.14054884, 0.59568, 0.26377118), (0.16302434, 0.7641381, 0.07283758), (0.043399602, 0.9389804, 0.017619988), (0.18037193, 0.54871815, 0.2709099), (0.016636822, 0.43550104, 0.5478622), (0.30851784, 0.22948793, 0.46199423), (0.71285707, 0.19557868, 0.09156427), (0.5101474, 0.01915627, 0.4706963), (0.67070055, 0.14030768, 0.18899179), (0.009322139, 0.47721857, 0.51345927), (0.16038434, 0.36619982, 0.47341582), (0.4276248, 0.26272485, 0.30965036), (0.331868, 0.5744712, 0.093660794), (0.23477267, 0.09421922, 0.6710081), (0.28151608, 0.34143615, 0.37704778), (0.55798113, 0.4014435, 0.04057537), (0.7279242, 0.08030107, 0.19177471), (0.2927789, 0.4513007, 0.25592035), (0.527307, 0.06403796, 0.40865508), (0.89765936, 0.067592114, 0.03474855), (0.3268762, 0.5857755, 0.087348334), (0.09749051, 0.09250298, 0.8100065), (0.8849247, 0.03941567, 0.07565961), (0.29066107, 0.12924744, 0.5800915), (0.41297442, 0.3339758, 0.2530498), (0.42649922, 0.45983917, 0.113661624), (0.3149355, 0.28267938, 0.40238512), (0.2393544, 0.6567289, 0.10391667), (0.18319198, 0.23674452, 0.58006346), (0.043613657, 0.5448214, 0.41156498), (0.17465518, 0.71990836, 0.105436444), (0.31233048, 0.33500054, 0.35266897), (0.40193996, 0.19000868, 0.40805137), (0.8335557, 0.10626508, 0.060179222), (0.5146249, 0.3671229, 0.118252195), (0.24416, 0.39176401, 0.364076), (0.13956651, 0.40244877, 0.45798472), (0.221525, 0.737337, 0.04113799), (0.7650176, 0.09101752, 0.14396481), (0.5542684, 0.114784144, 0.33094743), (0.044286136, 0.37230575, 0.5834081), (0.32099617, 0.6639125, 0.015091376), (0.0629478, 0.6618311, 0.2752211), (0.1851486, 0.72162056, 0.093230866), (0.50151867, 0.44912475, 0.049356565), (0.44547015, 0.13836809, 0.41616175), (0.6893922, 0.12213635, 0.18847145), (0.12763749, 0.6509642, 0.22139828), (0.2669949, 0.73037446, 0.002630655), (0.6005248, 0.085224934, 0.3142503), (0.797591, 0.09548502, 0.10692403), (0.8698067, 0.07707982, 0.053113494), (0.16254035, 0.44012302, 0.39733666), (0.056851357, 0.7128443, 0.23030432), (0.73045677, 0.06498836, 0.20455487), (0.04915228, 0.16419193, 0.7866558), (0.6057238, 0.14660522, 0.247671), (0.20694338, 0.28229877, 0.51075786), (0.34336418, 0.23763765, 0.41899815), (0.2048994, 0.47771272, 0.31738788)] (
                elementSize = 92
                interpolation = "vertex"
            )
        }

        over "Ground"
        {
            color3f[] primvars:displayColor = [(0.6811511, 0.17905293, 0.13979597), (0.27778682, 0.050327502, 0.67188567), (0.5468491, 0.2513978, 0.20175315), (0.48314998, 0.1089204, 0.40792963), (0.17910157, 0.45329818, 0.36760023), (0.33010566, 0.17282397, 0.49707037), (0.6243933, 0.09347656, 0.28213015), (0.8253039, 0.07715471, 0.09754141), (0.27456242, 0.51571834, 0.20971923), (0.6976195, 0.17008099, 0.13229951), (0.05045579, 0.51872224, 0.43082199), (0.29192242, 0.031472657, 0.6766049), (0.07604591, 0.4047685, 0.5191856), (0.3617261, 0.015292423, 0.6229815), (0.23365301, 0.043738432, 0.72260857), (0.7177597, 0.05936265, 0.22287759), (0.18324406, 0.400795, 0.41596094), (0.06684822, 0.20779364, 0.7253581), (0.7834078, 0.15566437, 0.060927797), (0.35756806, 0.5848269, 0.05760504), (0.26965436, 0.19352256, 0.5368231), (0.5744471, 0.19560324, 0.22994964), (0.366812, 0.16051318, 0.47267485), (0.17336899, 0.6582876, 0.16834341), (0.006793584, 0.61895746, 0.37424898), (0.12746896, 0.2663281, 0.60620296), (0.13373795, 0.4636261, 0.402636), (0.19069105, 0.04711709, 0.76219183), (0.37657174, 0.48405612, 0.13937216), (0.14615527, 0.74824077, 0.10560396), (0.047894616, 0.8969393, 0.0551661), (0.41473183, 0.38924673, 0.19602144), (0.7679998, 0.1904175, 0.04158268), (0.85257137, 0.002343237, 0.14508542), (0.048099756, 0.16337705, 0.7885232), (0.031737845, 0.549093, 0.41916916), (0.23799321, 0.1081822, 0.65382457), (0.33504888, 0.4384974, 0.2264537), (0.110139064, 0.6545808, 0.23528017), (0.2370802, 0.7126715, 0.050248265), (0.3044434, 0.45785287, 0.23770373), (0.2901766, 0.5549649, 0.15485851), (0.4029741, 0.2526967, 0.3443292), (0.17517063, 0.81341714, 0.011412245), (0.022411704, 0.41597822, 0.5616101), (0.45764214, 0.12350356, 0.4188543), (0.027864315, 0.39166388, 0.5804718), (0.7191503, 0.12887649, 0.15197322), (0.15962079, 0.2185274, 0.6218518), (0.1093202, 0.62420005, 0.26647976), (0.16009825, 0.81513727, 0.0247645), (0.053238194, 0.23740062, 0.7093612), (0.49285018, 0.18430522, 0.3228446), (0.6362322, 0.28254953, 0.081218295), (0.23166096, 0.017317763, 0.75102127), (0.32112062, 0.06837754, 0.6105018), (0.4008331, 0.046810996, 0.5523559), (0.16887292, 0.30137855, 0.52974856), (0.20709407, 0.32576522, 0.4671407), (0.016543668, 0.49778458, 0.48567173), (0.1904426, 0.5263948, 0.28316262), (0.603819, 0.23415029, 0.16203068), (0.13038589, 0.63444144, 0.23517264), (0.4184938, 0.39616576, 0.18534043), (0.088457175, 0.35924926, 0.55229354), (0.054760974, 0.7570187, 0.18822034), (0.29406556, 0.026944162, 0.67899024), (0.20425591, 0.76345277, 0.03229131), (0.24235848, 0.4887585, 0.26888302), (0.49829844, 0.19710723, 0.30459434), (0.057187572, 0.099498965, 0.84331346), (0.41999477, 0.011297632, 0.5687076), (0.22736499, 0.65276647, 0.11986852), (0.61512953, 0.24981782, 0.13505264), (0.05778827, 0.10390375, 0.838308), (0.40167275, 0.30079213, 0.29753515), (0.22223774, 0.43381336, 0.3439489), (0.68792343, 0.16601573, 0.14606081), (0.1644706, 0.5621681, 0.2733613), (0.19002435, 0.564523, 0.2454527)] (
                elementSize = 80
                interpolation = "vertex"
            )
        }

        over "TopBackLeft"
        {
            color3f[] primvars:displayColor = [(0.11142094, 0.20220558, 0.6863735), (0.28408653, 0.19077586, 0.5251376), (0.17156553, 0.40671316, 0.42172128), (0.5233792, 0.2813238, 0.19529699), (0.5242023, 0.2582589, 0.2175388), (0.22911488, 0.0441206, 0.72676456), (0.0872495, 0.44346616, 0.46928433), (0.6741062, 0.29743117, 0.028462626)] (
                elementSize = 8
                interpolation = "vertex"
            )
        }

        over "TopFrontLeft"
        {
            color3f[] primvars:displayColor = [(0.29482928, 0.4495374, 0.25563332), (0.9266164, 0.0048444606, 0.06853917), (0.7439158, 0.0038226324, 0.25226155), (0.21564282, 0.17401943, 0.61033773), (0.5032524, 0.11147249, 0.38527516), (0.5328873, 0.07519945, 0.39191326), (0.80550754, 0.03149035, 0.16300212), (0.6234074, 0.3037369, 0.072855696), (0.524472, 0.2793584, 0.19616958), (0.6135507, 0.26545358, 0.12099574), (0.034478687, 0.9555867, 0.009934622), (0.58487874, 0.18443401, 0.23068723), (0.04263522, 0.6784037, 0.2789611), (0.35607225, 0.6072867, 0.036641072), (0.48305458, 0.41753003, 0.099415384), (0.2012572, 0.6431896, 0.15555318), (0.21866368, 0.6311368, 0.15019952), (0.12633212, 0.41794035, 0.45572755), (0.37806293, 0.31510815, 0.30682892), (0.14561425, 0.11266258, 0.7417232), (0.47699913, 0.35382116, 0.16917971), (0.45087308, 0.5425946, 0.006532326), (0.043200843, 0.71054745, 0.24625169), (0.0059194085, 0.3092094, 0.6848712), (0.35143563, 0.43423146, 0.2143329), (0.32788807, 0.20803575, 0.4640762), (0.5099193, 0.0765822, 0.41349852), (0.5563054, 0.20605889, 0.23763567), (0.0009458854, 0.20375302, 0.7953011), (0.62067634, 0.08213116, 0.29719248), (0.22797897, 0.5849035, 0.18711758), (0.015694711, 0.24843211, 0.73587316), (0.41698718, 0.09554302, 0.4874698), (0.49491286, 0.4045908, 0.100496344), (0.08770372, 0.60222507, 0.3100712), (0.38188133, 0.45582557, 0.1622931), (0.20915233, 0.19973004, 0.5911176), (0.18823081, 0.78257734, 0.029191844), (0.16585559, 0.40943918, 0.42470524), (0.07584336, 0.64502233, 0.2791343), (0.89219403, 0.08534815, 0.022457816), (0.10757607, 0.8349389, 0.057485063), (0.5862936, 0.3866816, 0.027024847), (0.4762209, 0.14564307, 0.37813604), (0.35898268, 0.504888, 0.1361293), (0.25418392, 0.26224524, 0.48357084), (0.21490556, 0.5491754, 0.23591903), (0.37299144, 0.18128172, 0.44572684), (0.5519316, 0.26218784, 0.18588054), (0.64184904, 0.15474115, 0.20340979), (0.6346891, 0.13604076, 0.22927015), (0.7459538, 0.06632375, 0.18772246), (0.03325039, 0.7919622, 0.17478739), (0.30601612, 0.4208171, 0.27316678), (0.67972255, 0.09555919, 0.22471829), (0.24033219, 0.070610106, 0.6890577), (0.14491071, 0.59423476, 0.2608545), (0.25404012, 0.26177555, 0.48418432), (0.64535624, 0.03422346, 0.3204203), (0.74406797, 0.16725565, 0.088676356), (0.8899454, 0.099843204, 0.010211388), (0.1367489, 0.29171547, 0.57153565), (0.06809267, 0.9179108, 0.013996492), (0.009353278, 0.60942, 0.38122672), (0.567024, 0.17132331, 0.2616527), (0.8740534, 0.060017, 0.06592957), (0.19328032, 0.50316143, 0.30355826), (0.181537, 0.6587615, 0.1597015), (0.65270823, 0.23658659, 0.11070516), (0.13474631, 0.6613904, 0.20386325), (0.67511237, 0.22077896, 0.10410867), (0.15194514, 0.04875334, 0.7993015), (0.024650248, 0.03437408, 0.94097567), (0.0588831, 0.6147043, 0.3264126), (0.3551598, 0.5754107, 0.069429465), (0.6487001, 0.29629722, 0.055002674), (0.023989858, 0.7997384, 0.17627177), (0.033195052, 0.30428174, 0.6625232), (0.6085454, 0.14141485, 0.25003973), (0.39332998, 0.40559894, 0.20107107), (0.4033441, 0.5116186, 0.08503729), (0.43643788, 0.50488466, 0.05867747)] (
                elementSize = 82
                interpolation = "vertex"
            )
        }

        over "TopBackRight"
        {
            color3f[] primvars:displayColor = [(0.34207225, 0.044410996, 0.61351675), (0.3349187, 0.2197189, 0.4453624), (0.42070386, 0.071075924, 0.5082202), (0.1587889, 0.040104564, 0.8011065), (0.07780131, 0.8475442, 0.07465451), (0.07847359, 0.24670476, 0.6748217), (0.06317225, 0.08676313, 0.85006464), (0.042405806, 0.7654362, 0.19215804), (0.032720424, 0.4033745, 0.56390506), (0.11883846, 0.8712993, 0.009862242), (0.003159634, 0.56601316, 0.43082723), (0.5189971, 0.10191108, 0.37909183), (0.4394999, 0.3752011, 0.185299), (0.5301868, 0.0023868156, 0.46742642), (0.11147587, 0.27872044, 0.6098037), (0.49695396, 0.40259564, 0.100450374), (0.098464996, 0.48133844, 0.42019656), (0.29592532, 0.5707323, 0.13334234), (0.16630167, 0.47844777, 0.35525057), (0.03348183, 0.13190599, 0.8346122), (0.15350416, 0.5760942, 0.27040166), (0.040596616, 0.53840107, 0.4210023), (0.22677794, 0.6016064, 0.17161562), (0.24977349, 0.07459083, 0.6756357), (0.5299193, 0.019715395, 0.45036525), (0.14717071, 0.035070695, 0.8177586), (0.7491952, 0.12602694, 0.12477782), (0.29483813, 0.18124543, 0.5239164), (0.5294562, 0.1786925, 0.2918513), (0.18854675, 0.71556956, 0.09588373), (0.6948974, 0.088644184, 0.21645838), (0.056108568, 0.899942, 0.04394945), (0.83437634, 0.046648182, 0.118975475), (0.28376776, 0.16223589, 0.5539963), (0.45651376, 0.44779745, 0.09568879), (0.26987877, 0.6829293, 0.047191978), (0.37647283, 0.34596166, 0.2775655), (0.14026214, 0.070640504, 0.78909737), (0.2631894, 0.68622917, 0.050581425), (0.16389762, 0.20346287, 0.6326395), (0.22142912, 0.15134518, 0.6272257), (0.043079607, 0.7176347, 0.23928572)] (
                elementSize = 42
                interpolation = "vertex"
            )
        }

        over "TopFrontRight"
        {
            color3f[] primvars:displayColor = [(0.57088715, 0.17478916, 0.2543237), (0.15493232, 0.033767838, 0.81129986), (0.46311203, 0.031308584, 0.5055794), (0.45472473, 0.25429097, 0.2909843), (0.5427457, 0.21162736, 0.2456269), (0.08780316, 0.5260287, 0.38616818), (0.20935424, 0.34908277, 0.441563), (0.06575045, 0.65086055, 0.28338897), (0.5993323, 0.38289145, 0.017776247), (0.1971637, 0.55715686, 0.24567944), (0.4180164, 0.22725187, 0.3547317), (0.2426781, 0.65329766, 0.10402426), (0.31709158, 0.6620768, 0.020831615), (0.17213303, 0.6947096, 0.13315739), (0.11565421, 0.15025076, 0.73409504), (0.8721129, 0.044794116, 0.083092995), (0.5256167, 0.19255638, 0.28182688), (0.18992624, 0.5362486, 0.27382514), (0.0028267093, 0.7114319, 0.2857414), (0.115951814, 0.094768524, 0.78927964), (0.02248146, 0.854725, 0.12279355), (0.004306011, 0.899974, 0.09572002), (0.067533195, 0.33118275, 0.601284), (0.4584514, 0.21333875, 0.32820985), (0.48926675, 0.38960195, 0.12113131), (0.8128468, 0.1467439, 0.040409345), (0.10931438, 0.8610871, 0.02959856), (0.14992706, 0.5867041, 0.26336887), (0.068839036, 0.22942631, 0.70173466), (0.4101895, 0.29561308, 0.29419738), (0.7169171, 0.13131006, 0.15177284)] (
                elementSize = 31
                interpolation = "vertex"
            )
        }
    }
}

over "random_varying"
{
    over "Geom"
    {
        over "Volume"
        {
            color3f[] primvars:displayColor = [(0.12585472, 0.3753133, 0.49883196), (0.056836847, 0.17051803, 0.7726451), (0.447502, 0.40807742, 0.14442058), (0.6400537, 0.18634711, 0.17359923), (0.21780002, 0.14954796, 0.63265204), (0.20053878, 0.14425792, 0.6552033), (0.4334057, 0.30220965, 0.2643847), (0.21472976, 0.13835597, 0.6469143), (0.10888998, 0.06786704, 0.82324296), (0.12500681, 0.6604291, 0.21456404), (0.1641257, 0.075084716, 0.7607896), (0.50865746, 0.111629725, 0.3797128), (0.2615704, 0.70032984, 0.03809976), (0.23895408, 0.30987293, 0.45117298), (0.061376106, 0.3476521, 0.59097177), (0.68138295, 0.24425416, 0.07436288), (0.26870206, 0.61341745, 0.11788052), (0.69060284, 0.1718849, 0.13751225), (0.14900275, 0.19586839, 0.65512884), (0.7893331, 0.12171418, 0.088952705), (0.48224863, 0.48373017, 0.03402121), (0.31903592, 0.08238572, 0.59857833), (0.27211806, 0.3041749, 0.42370704), (0.077885844, 0.456815, 0.46529916), (0.38031307, 0.42189944, 0.19778748), (0.34167504, 0.6028006, 0.05552436), (0.27433223, 0.5901257, 0.13554208), (0.033801112, 0.102385834, 0.86381304), (0.22450231, 0.049616482, 0.7258812), (0.31181246, 0.28519818, 0.40298936), (0.14866671, 0.44089428, 0.410439), (0.34884518, 0.031786215, 0.6193686), (0.19714616, 0.46608615, 0.33676767), (0.4337355, 0.39623594, 0.17002857), (0.43389383, 0.1906635, 0.37544268), (0.40779606, 0.14922523, 0.4429787), (0.057952568, 0.750915, 0.19113244), (0.635594, 0.003326237, 0.36107975), (0.29241464, 0.66329724, 0.044288136), (0.07809837, 0.55057937, 0.37132224), (0.16103014, 0.7424557, 0.09651416), (0.8602577, 0.01787217, 0.12187015), (0.3945722, 0.42079005, 0.18463777), (0.41841686, 0.09822933, 0.48335382), (0.08578897, 0.41233242, 0.5018786), (0.071271606, 0.8967084, 0.032019947), (0.1788672, 0.659277, 0.16185577), (0.17565359, 0.2656092, 0.5587372), (0.034214552, 0.3281623, 0.63762313), (0.42177922, 0.24433209, 0.3338887), (0.30979759, 0.51921415, 0.17098825), (0.085582115, 0.7634202, 0.15099765), (0.5810882, 0.1931343, 0.22577752), (0.2292116, 0.38032627, 0.39046213), (0.41603556, 0.19457756, 0.38938686), (0.5342908, 0.09281435, 0.37289482), (0.79520386, 0.10630887, 0.09848726), (0.37977943, 0.57790315, 0.04231741), (0.012140817, 0.53204787, 0.45581135), (0.2473401, 0.5075183, 0.24514163), (0.0947139, 0.8143229, 0.0909632), (0.83803535, 0.044452995, 0.117511645), (0.7167407, 0.1040361, 0.1792232), (0.4780684, 0.31627953, 0.20565206), (0.05208296, 0.5291062, 0.41881084), (0.58136004, 0.40099305, 0.017646927), (0.4808116, 0.16736624, 0.35182217), (0.5098618, 0.052452717, 0.43768546), (0.79470193, 0.08154292, 0.123755135), (0.436093, 0.50653803, 0.057368997), (0.4163911, 0.12740976, 0.45619914), (0.7170223, 0.037397236, 0.2455805), (0.35810268, 0.30721515, 0.33468217), (0.44856817, 0.4607998, 0.09063205), (0.3182595, 0.008248023, 0.6734925), (0.11298053, 0.30484432, 0.58217514), (0.38838446, 0.5781554, 0.033460114), (0.121730626, 0.48595208, 0.3923173), (0.21056534, 0.414087, 0.37534764), (0.34485686, 0.6184799, 0.036663234), (0.23113625, 0.5415281, 0.22733565), (0.58370006, 0.35554034, 0.060759608), (0.8062496, 0.14965603, 0.044094358), (0.40390486, 0.5091085, 0.08698668), (0.2536425, 0.37364227, 0.37271523), (0.06588882, 0.17203453, 0.7620766), (0.104751736, 0.23630525, 0.658943), (0.19620638, 0.050125763, 0.75366783), (0.37589332, 0.17996109, 0.4441456), (0.74576914, 0.21966463, 0.034566205), (0.1792858, 0.15706035, 0.66365385), (0.08574589, 0.6389355, 0.2753186)] (
                elementSize = 92
                interpolation = "varying"
            )
        }

        over "Ground"
        {
            color3f[] primvars:displayColor = [(0.95817953, 0.0011741819, 0.040646262), (0.0932585, 0.67436635, 0.23237516), (0.7398585, 0.21322282, 0.04691865), (0.23815186, 0.6738025, 0.088045634), (0.30410683, 0.094273224, 0.60161996), (0.45714787, 0.26234123, 0.2805109), (0.34165135, 0.007817749, 0.65053093), (0.46932015, 0.4238723, 0.10680757), (0.6027997, 0.07469071, 0.3225096), (0.41927993, 0.40014976, 0.18057029), (0.8927005, 0.053512678, 0.053786837), (0.036365177, 0.32411578, 0.63951904), (0.029958807, 0.21433292, 0.7557083), (0.2044119, 0.37627748, 0.41931063), (0.4790186, 0.5029408, 0.018040651), (0.2598922, 0.7302579, 0.00984989), (0.23077399, 0.45831674, 0.31090927), (0.24131598, 0.3390919, 0.41959214), (0.25370336, 0.5104974, 0.23579924), (0.1881526, 0.609141, 0.20270641), (0.5057235, 0.043847453, 0.45042908), (0.40521246, 0.1360633, 0.45872423), (0.29356676, 0.70256245, 0.0038708025), (0.2618914, 0.3017716, 0.43633696), (0.5826884, 0.37416294, 0.04314865), (0.002924985, 0.74570394, 0.25137106), (0.31080726, 0.48377413, 0.2054186), (0.0137003185, 0.39741528, 0.5888844), (0.17681107, 0.7089251, 0.114263825), (0.3904356, 0.026398327, 0.58316606), (0.64356875, 0.14413363, 0.2122976), (0.1586314, 0.62558526, 0.21578336), (0.3453021, 0.37530556, 0.27939233), (0.60262644, 0.037007887, 0.36036566), (0.33838618, 0.34293538, 0.31867847), (0.11259664, 0.07229388, 0.8151095), (0.09201886, 0.64712024, 0.26086092), (0.38381448, 0.07721665, 0.53896886), (0.017772662, 0.4708381, 0.51138926), (0.23982108, 0.68993056, 0.070248365), (0.6825779, 0.100870535, 0.21655157), (0.42177573, 0.15531617, 0.4229081), (0.7579124, 0.1039339, 0.13815367), (0.34564075, 0.28797665, 0.3663826), (0.04416976, 0.04870141, 0.9071288), (0.25674245, 0.17071041, 0.57254714), (0.83835787, 0.065924175, 0.09571797), (0.3588473, 0.44983208, 0.19132064), (0.45313394, 0.35492817, 0.1919379), (0.073332936, 0.31587106, 0.610796), (0.3751402, 0.16586663, 0.45899317), (0.0063165897, 0.7708942, 0.2227892), (0.09664377, 0.36593342, 0.5374228), (0.6832869, 0.28360566, 0.03310744), (0.5265351, 0.25808033, 0.21538459), (0.5185447, 0.358043, 0.12341234), (0.7289403, 0.15502374, 0.11603596), (0.22306761, 0.56461436, 0.212318), (0.4267607, 0.37475395, 0.19848534), (0.025663037, 0.7440106, 0.23032635), (0.5245427, 0.17725012, 0.2982072), (0.19140404, 0.386045, 0.42255095), (0.8139929, 0.0007302772, 0.18527682), (0.3110794, 0.43191305, 0.25700754), (0.18055665, 0.5631878, 0.2562556), (0.09520783, 0.5179304, 0.38686174), (0.012784819, 0.5600569, 0.42715827), (0.71401477, 0.2413113, 0.044673953), (0.072651915, 0.8750244, 0.05232369), (0.7941595, 0.17201614, 0.033824388), (0.56212765, 0.2736499, 0.16422243), (0.33982262, 0.29674843, 0.36342895), (0.09981001, 0.4122545, 0.48793548), (0.5781003, 0.37498027, 0.046919413), (0.1428142, 0.16041844, 0.69676733), (0.5786654, 0.070599414, 0.35073525), (0.20519295, 0.7120303, 0.08277675), (0.8359626, 0.12313392, 0.040903497), (0.13115947, 0.09163024, 0.7772103), (0.07490565, 0.6394596, 0.28563473)] (
                elementSize = 80
                interpolation = "varying"
            )
        }

        over "TopBackLeft"
        {
            color3f[] primvars:displayColor = [(0.41261622, 0.4406729, 0.1467109), (0.065693356, 0.5523579, 0.3819487), (0.48253185, 0.11224963, 0.40521854), (0.14083496, 0.43691918, 0.4222459), (0.078131065, 0.22163378, 0.7002352), (0.0024576236, 0.016369367, 0.98117304), (0.04829046, 0.82815695, 0.12355259), (0.74674463, 0.099932134, 0.15332322)] (
                elementSize = 8
                interpolation = "varying"
            )
        }

        over "TopFrontLeft"
        {
            color3f[] primvars:displayColor = [(0.18899795, 0.42819104, 0.382811), (0.14986672, 0.013209477, 0.8369238), (0.35721377, 0.4870942, 0.15569207), (0.31832883, 0.4220313, 0.2596399), (0.32965583, 0.41241252, 0.25793165), (0.1074165, 0.8004039, 0.092179604), (0.37007403, 0.58519506, 0.04473093), (0.2847089, 0.05853356, 0.6567576), (0.443122, 0.26652884, 0.29034916), (0.89614815, 0.05574917, 0.048102655), (0.423773, 0.091943026, 0.48428398), (0.1585592, 0.36120445, 0.48023635), (0.47638422, 0.36725724, 0.15635854), (0.10826629, 0.42440453, 0.4673292), (0.13104682, 0.75429857, 0.11465464), (0.3432034, 0.58373636, 0.073060215), (0.3370636, 0.3131709, 0.34976548), (0.08990629, 0.36441895, 0.54567474), (0.27221915, 0.4016937, 0.32608715), (0.054430265, 0.8232188, 0.12235092), (0.3959789, 0.16519758, 0.4388235), (0.26440197, 0.25825503, 0.477343), (0.38516185, 0.6043853, 0.010452866), (0.06641263, 0.77062196, 0.16296539), (0.2656987, 0.7290057, 0.0052956), (0.34383228, 0.41305915, 0.24310857), (0.088787764, 0.39160994, 0.5196023), (0.5024825, 0.32366943, 0.17384805), (0.45571494, 0.20751444, 0.33677062), (0.8242351, 0.029675683, 0.14608921), (0.72985274, 0.058325548, 0.21182172), (0.31416166, 0.075528905, 0.6103094), (0.5804642, 0.37729147, 0.04224435), (0.76800925, 0.08838073, 0.14361003), (0.6199282, 0.27802947, 0.10204235), (0.4241787, 0.38779348, 0.18802786), (0.45408717, 0.10796105, 0.43795177), (0.13242112, 0.740225, 0.12735389), (0.103081964, 0.672137, 0.22478104), (0.5240405, 0.072183326, 0.40377617), (0.010147558, 0.086754985, 0.90309745), (0.5651131, 0.21081996, 0.22406688), (0.26927242, 0.38904682, 0.34168077), (0.0015341735, 0.06700276, 0.93146306), (0.008515329, 0.29858303, 0.6929017), (0.11879081, 0.4191437, 0.4620655), (0.5193925, 0.33901557, 0.14159192), (0.2765334, 0.6220415, 0.10142507), (0.17025998, 0.7160981, 0.11364187), (0.09276758, 0.42021215, 0.48702028), (0.19386944, 0.01718317, 0.7889474), (0.39129972, 0.38169628, 0.22700399), (0.34997493, 0.27194625, 0.37807882), (0.4213171, 0.48687243, 0.09181047), (0.12175249, 0.13298231, 0.7452652), (0.61416036, 0.2814442, 0.10439543), (0.26998028, 0.37326202, 0.3567577), (0.654673, 0.23699439, 0.10833263), (0.6850633, 0.04406141, 0.27087528), (0.080210485, 0.025695741, 0.89409375), (0.7938901, 0.07578893, 0.13032095), (0.17677265, 0.32372406, 0.49950328), (0.0821082, 0.76343614, 0.15445566), (0.020110546, 0.6150755, 0.36481392), (0.079586916, 0.007086821, 0.91332626), (0.32855362, 0.21549138, 0.455955), (0.09346534, 0.36390087, 0.5426338), (0.3678254, 0.17354564, 0.45862895), (0.44880652, 0.15838666, 0.39280683), (0.30200619, 0.43285054, 0.26514325), (0.43940488, 0.38114232, 0.17945278), (0.282243, 0.7121853, 0.0055716303), (0.23075667, 0.57078326, 0.19846006), (0.12895326, 0.34571224, 0.5253345), (0.28968287, 0.1746176, 0.53569955), (0.02697051, 0.072729446, 0.9003), (0.36937612, 0.19058111, 0.44004276), (0.6851445, 0.23873179, 0.07612373), (0.3843456, 0.4265741, 0.18908031), (0.55173564, 0.03301872, 0.41524562), (0.35190752, 0.3464798, 0.3016127), (0.3045866, 0.68562114, 0.009792264)] (
                elementSize = 82
                interpolation = "varying"
            )
        }

        over "TopBackRight"
        {
